# x y z roll pitch yaw d_left d_right
0.000000 0.000000 0.000000 0.000000 0.000000 -0.652381 1.100000 1.100000
0.303821 -0.232119 0.000000 0.000000 0.000000 -0.652411 1.100000 1.100000
0.607637 -0.464244 0.000000 0.000000 0.000000 -0.652428 1.100000 1.100000
0.911449 -0.696372 0.000000 0.000000 0.000000 -0.652430 1.100000 1.100000
1.215263 -0.928498 0.000000 0.000000 0.000000 -0.652417 1.100000 1.100000
1.519081 -1.160619 0.000000 0.000000 0.000000 -0.652395 1.100000 1.100000
1.822906 -1.392731 0.000000 0.000000 0.000000 -0.652369 1.100000 1.100000
2.126737 -1.624837 0.000000 0.000000 0.000000 -0.652344 1.100000 1.100000
2.430574 -1.856935 0.000000 0.000000 0.000000 -0.652319 1.100000 1.100000
2.734417 -2.089026 0.000000 0.000000 0.000000 -0.652296 1.100000 1.100000
3.038266 -2.321111 0.000000 0.000000 0.000000 -0.652275 1.100000 1.100000
3.342120 -2.553189 0.000000 0.000000 0.000000 -0.652253 1.100000 1.100000
3.645979 -2.785261 0.000000 0.000000 0.000000 -0.652233 1.100000 1.100000
3.949843 -3.017328 0.000000 0.000000 0.000000 -0.652215 1.100000 1.100000
4.253712 -3.249390 0.000000 0.000000 0.000000 -0.652197 1.100000 1.100000
4.557585 -3.481446 0.000000 0.000000 0.000000 -0.652180 1.100000 1.100000
4.861462 -3.713498 0.000000 0.000000 0.000000 -0.652164 1.100000 1.100000
5.165343 -3.945545 0.000000 0.000000 0.000000 -0.652149 1.100000 1.100000
5.469227 -4.177588 0.000000 0.000000 0.000000 -0.652135 1.100000 1.100000
5.773115 -4.409627 0.000000 0.000000 0.000000 -0.652123 1.100000 1.100000
6.077006 -4.641663 0.000000 0.000000 0.000000 -0.652111 1.100000 1.100000
6.380900 -4.873696 0.000000 0.000000 0.000000 -0.652100 1.100000 1.100000
6.684796 -5.105725 0.000000 0.000000 0.000000 -0.652091 1.100000 1.100000
6.988695 -5.337752 0.000000 0.000000 0.000000 -0.652082 1.100000 1.100000
7.292596 -5.569777 0.000000 0.000000 0.000000 -0.652074 1.100000 1.100000
7.596499 -5.801800 0.000000 0.000000 0.000000 -0.652068 1.100000 1.100000
7.900403 -6.033821 0.000000 0.000000 0.000000 -0.652062 1.100000 1.100000
8.204309 -6.265841 0.000000 0.000000 0.000000 -0.652058 1.100000 1.100000
8.508216 -6.497859 0.000000 0.000000 0.000000 -0.652054 1.100000 1.100000
8.812123 -6.729877 0.000000 0.000000 0.000000 -0.652052 1.100000 1.100000
9.116032 -6.961894 0.000000 0.000000 0.000000 -0.652050 1.100000 1.100000
9.419940 -7.193912 0.000000 0.000000 0.000000 -0.652050 1.100000 1.100000
9.723849 -7.425929 0.000000 0.000000 0.000000 -0.652050 1.100000 1.100000
10.027757 -7.657947 0.000000 0.000000 0.000000 -0.652052 1.100000 1.100000
10.331666 -7.889965 0.000000 0.000000 0.000000 -0.652055 1.100000 1.100000
10.635573 -8.121984 0.000000 0.000000 0.000000 -0.652058 1.100000 1.100000
10.939480 -8.354005 0.000000 0.000000 0.000000 -0.652063 1.100000 1.100000
11.243385 -8.586028 0.000000 0.000000 0.000000 -0.652069 1.100000 1.100000
11.547289 -8.818052 0.000000 0.000000 0.000000 -0.652076 1.100000 1.100000
11.851192 -9.050079 0.000000 0.000000 0.000000 -0.652083 1.100000 1.100000
12.155093 -9.282108 0.000000 0.000000 0.000000 -0.652091 1.100000 1.100000
12.458992 -9.514140 0.000000 0.000000 0.000000 -0.652099 1.100000 1.100000
12.762889 -9.746174 0.000000 0.000000 0.000000 -0.652106 1.100000 1.100000
13.066784 -9.978210 0.000000 0.000000 0.000000 -0.652114 1.100000 1.100000
13.370678 -10.210248 0.000000 0.000000 0.000000 -0.652120 1.100000 1.100000
13.674570 -10.442289 0.000000 0.000000 0.000000 -0.652127 1.100000 1.100000
13.978461 -10.674331 0.000000 0.000000 0.000000 -0.652133 1.100000 1.100000
14.282351 -10.906375 0.000000 0.000000 0.000000 -0.652139 1.100000 1.100000
14.586239 -11.138421 0.000000 0.000000 0.000000 -0.652144 1.100000 1.100000
14.890126 -11.370468 0.000000 0.000000 0.000000 -0.652149 1.100000 1.100000
15.194012 -11.602517 0.000000 0.000000 0.000000 -0.652154 1.100000 1.100000
15.497897 -11.834567 0.000000 0.000000 0.000000 -0.652159 1.100000 1.100000
15.801780 -12.066619 0.000000 0.000000 0.000000 -0.652163 1.100000 1.100000
16.105663 -12.298672 0.000000 0.000000 0.000000 -0.652167 1.100000 1.100000
16.409545 -12.530726 0.000000 0.000000 0.000000 -0.652171 1.100000 1.100000
16.713426 -12.762781 0.000000 0.000000 0.000000 -0.652174 1.100000 1.100000
17.017306 -12.994837 0.000000 0.000000 0.000000 -0.652177 1.100000 1.100000
17.321186 -13.226893 0.000000 0.000000 0.000000 -0.652179 1.100000 1.100000
17.625065 -13.458951 0.000000 0.000000 0.000000 -0.652182 1.100000 1.100000
17.928943 -13.691009 0.000000 0.000000 0.000000 -0.652184 1.100000 1.100000
18.232821 -13.923068 0.000000 0.000000 0.000000 -0.652186 1.100000 1.100000
18.536698 -14.155127 0.000000 0.000000 0.000000 -0.652187 1.100000 1.100000
18.840575 -14.387186 0.000000 0.000000 0.000000 -0.652188 1.100000 1.100000
19.144452 -14.619245 0.000000 0.000000 0.000000 -0.652189 1.100000 1.100000
19.448329 -14.851305 0.000000 0.000000 0.000000 -0.652189 1.100000 1.100000
19.752205 -15.083365 0.000000 0.000000 0.000000 -0.652189 1.100000 1.100000
20.056081 -15.315424 0.000000 0.000000 0.000000 -0.652189 1.100000 1.100000
20.359958 -15.547484 0.000000 0.000000 0.000000 -0.652188 1.100000 1.100000
20.663834 -15.779543 0.000000 0.000000 0.000000 -0.652188 1.100000 1.100000
20.967711 -16.011602 0.000000 0.000000 0.000000 -0.652186 1.100000 1.100000
21.271588 -16.243660 0.000000 0.000000 0.000000 -0.652185 1.100000 1.100000
21.575465 -16.475717 0.000000 0.000000 0.000000 -0.652183 1.100000 1.100000
21.879342 -16.707774 0.000000 0.000000 0.000000 -0.652181 1.100000 1.100000
22.183220 -16.939831 0.000000 0.000000 0.000000 -0.652179 1.100000 1.100000
22.487098 -17.171886 0.000000 0.000000 0.000000 -0.652176 1.100000 1.100000
22.790977 -17.403940 0.000000 0.000000 0.000000 -0.652173 1.100000 1.100000
23.094856 -17.635993 0.000000 0.000000 0.000000 -0.652169 1.100000 1.100000
23.398736 -17.868045 0.000000 0.000000 0.000000 -0.652166 1.100000 1.100000
23.702617 -18.100096 0.000000 0.000000 0.000000 -0.652162 1.100000 1.100000
24.006499 -18.332146 0.000000 0.000000 0.000000 -0.652157 1.100000 1.100000
24.310381 -18.564193 0.000000 0.000000 0.000000 -0.652153 1.100000 1.100000
24.614265 -18.796240 0.000000 0.000000 0.000000 -0.652148 1.100000 1.100000
24.918149 -19.028284 0.000000 0.000000 0.000000 -0.652142 1.100000 1.100000
25.222035 -19.260327 0.000000 0.000000 0.000000 -0.652137 1.100000 1.100000
25.525921 -19.492368 0.000000 0.000000 0.000000 -0.652131 1.100000 1.100000
25.829809 -19.724407 0.000000 0.000000 0.000000 -0.652125 1.100000 1.100000
26.133699 -19.956444 0.000000 0.000000 0.000000 -0.652118 1.100000 1.100000
26.437589 -20.188478 0.000000 0.000000 0.000000 -0.652111 1.100000 1.100000
26.741481 -20.420510 0.000000 0.000000 0.000000 -0.652104 1.100000 1.100000
27.045375 -20.652540 0.000000 0.000000 0.000000 -0.652096 1.100000 1.100000
27.349270 -20.884568 0.000000 0.000000 0.000000 -0.652089 1.100000 1.100000
27.653167 -21.116593 0.000000 0.000000 0.000000 -0.652080 1.100000 1.100000
27.957065 -21.348615 0.000000 0.000000 0.000000 -0.652072 1.100000 1.100000
28.260966 -21.580634 0.000000 0.000000 0.000000 -0.652063 1.100000 1.100000
28.564868 -21.812650 0.000000 0.000000 0.000000 -0.652054 1.100000 1.100000
28.868772 -22.044664 0.000000 0.000000 0.000000 -0.652045 1.100000 1.100000
29.172678 -22.276674 0.000000 0.000000 0.000000 -0.652035 1.100000 1.100000
29.476586 -22.508681 0.000000 0.000000 0.000000 -0.652025 1.100000 1.100000
29.780496 -22.740685 0.000000 0.000000 0.000000 -0.652014 1.100000 1.100000
30.084409 -22.972685 0.000000 0.000000 0.000000 -0.652004 1.100000 1.100000
30.388323 -23.204682 0.000000 0.000000 0.000000 -0.651993 1.100000 1.100000
30.692240 -23.436676 0.000000 0.000000 0.000000 -0.651981 1.100000 1.100000
30.996160 -23.668665 0.000000 0.000000 0.000000 -0.651970 1.100000 1.100000
31.300081 -23.900651 0.000000 0.000000 0.000000 -0.651958 1.100000 1.100000
31.604006 -24.132633 0.000000 0.000000 0.000000 -0.651945 1.100000 1.100000
31.907933 -24.364611 0.000000 0.000000 0.000000 -0.651933 1.100000 1.100000
32.211862 -24.596585 0.000000 0.000000 0.000000 -0.651920 1.100000 1.100000
32.515795 -24.828555 0.000000 0.000000 0.000000 -0.651907 1.100000 1.100000
32.819730 -25.060520 0.000000 0.000000 0.000000 -0.651923 1.100000 1.100000
33.123656 -25.292501 0.000000 0.000000 0.000000 -0.652042 1.100000 1.100000
33.427546 -25.524546 0.000000 0.000000 0.000000 -0.652312 1.100000 1.100000
33.731368 -25.756707 0.000000 0.000000 0.000000 -0.652738 1.100000 1.100000
34.035092 -25.989036 0.000000 0.000000 0.000000 -0.653318 1.100000 1.100000
34.338690 -26.221584 0.000000 0.000000 0.000000 -0.654053 1.100000 1.100000
34.642129 -26.454402 0.000000 0.000000 0.000000 -0.654944 1.100000 1.100000
34.945381 -26.687544 0.000000 0.000000 0.000000 -0.655990 1.100000 1.100000
35.248415 -26.921060 0.000000 0.000000 0.000000 -0.656691 1.100000 1.100000
35.551403 -27.154676 0.000000 0.000000 0.000000 -0.646613 1.100000 1.100000
35.858529 -27.381619 0.000000 0.000000 0.000000 -0.606520 1.100000 1.100000
36.177667 -27.589147 0.000000 0.000000 0.000000 -0.537543 1.100000 1.100000
36.512490 -27.771441 0.000000 0.000000 0.000000 -0.480122 1.100000 1.100000
36.855026 -27.941892 0.000000 0.000000 0.000000 -0.461987 1.100000 1.100000
37.197862 -28.112706 0.000000 0.000000 0.000000 -0.463450 1.100000 1.100000
37.540297 -28.284358 0.000000 0.000000 0.000000 -0.463921 1.100000 1.100000
37.882738 -28.455378 0.000000 0.000000 0.000000 -0.460471 1.100000 1.100000
38.225595 -28.624291 0.000000 0.000000 0.000000 -0.450775 1.100000 1.100000
38.570019 -28.788030 0.000000 0.000000 0.000000 -0.426322 1.100000 1.100000
38.919129 -28.939278 0.000000 0.000000 0.000000 -0.379831 1.100000 1.100000
39.276369 -29.070017 0.000000 0.000000 0.000000 -0.310468 1.100000 1.100000
39.645185 -29.172229 0.000000 0.000000 0.000000 -0.216861 1.100000 1.100000
40.027246 -29.235454 0.000000 0.000000 0.000000 -0.072019 1.100000 1.100000
40.408264 -29.227280 0.000000 0.000000 0.000000 0.175905 1.100000 1.100000
40.765149 -29.104298 0.000000 0.000000 0.000000 0.519969 1.100000 1.100000
41.054860 -28.857090 0.000000 0.000000 0.000000 0.918661 1.100000 1.100000
41.205691 -28.527354 0.000000 0.000000 0.000000 1.363470 1.100000 1.100000
41.202554 -28.154949 0.000000 0.000000 0.000000 1.690382 1.100000 1.100000
41.114815 -27.771059 0.000000 0.000000 0.000000 1.824091 1.100000 1.100000
41.007138 -27.400019 0.000000 0.000000 0.000000 1.863081 1.100000 1.100000
40.894442 -27.038687 0.000000 0.000000 0.000000 1.878369 1.100000 1.100000
40.777780 -26.677981 0.000000 0.000000 0.000000 1.887195 1.100000 1.100000
40.657937 -26.316305 0.000000 0.000000 0.000000 1.893632 1.100000 1.100000
40.535625 -25.954135 0.000000 0.000000 0.000000 1.898653 1.100000 1.100000
40.411559 -25.591945 0.000000 0.000000 0.000000 1.902376 1.100000 1.100000
40.286357 -25.230131 0.000000 0.000000 0.000000 1.905256 1.100000 1.100000
40.160235 -24.868744 0.000000 0.000000 0.000000 1.907749 1.100000 1.100000
40.033295 -24.507740 0.000000 0.000000 0.000000 1.909951 1.100000 1.100000
39.905640 -24.147074 0.000000 0.000000 0.000000 1.911862 1.100000 1.100000
39.777373 -23.786704 0.000000 0.000000 0.000000 1.913482 1.100000 1.100000
39.648596 -23.426583 0.000000 0.000000 0.000000 1.914811 1.100000 1.100000
39.519413 -23.066669 0.000000 0.000000 0.000000 1.915848 1.100000 1.100000
39.389926 -22.706917 0.000000 0.000000 0.000000 1.916594 1.100000 1.100000
39.260237 -22.347283 0.000000 0.000000 0.000000 1.917048 1.100000 1.100000
39.130450 -21.987722 0.000000 0.000000 0.000000 1.917210 1.100000 1.100000
39.000668 -21.628191 0.000000 0.000000 0.000000 1.917079 1.100000 1.100000
38.870992 -21.268646 0.000000 0.000000 0.000000 1.916657 1.100000 1.100000
38.741526 -20.909041 0.000000 0.000000 0.000000 1.915943 1.100000 1.100000
38.612372 -20.549334 0.000000 0.000000 0.000000 1.914936 1.100000 1.100000
38.483633 -20.189479 0.000000 0.000000 0.000000 1.913638 1.100000 1.100000
38.355413 -19.829433 0.000000 0.000000 0.000000 1.912047 1.100000 1.100000
38.227813 -19.469152 0.000000 0.000000 0.000000 1.910266 1.100000 1.100000
38.100862 -19.108612 0.000000 0.000000 0.000000 1.909209 1.100000 1.100000
37.973990 -18.747964 0.000000 0.000000 0.000000 1.910076 1.100000 1.100000
37.846341 -18.387439 0.000000 0.000000 0.000000 1.913256 1.100000 1.100000
37.717057 -18.027269 0.000000 0.000000 0.000000 1.918682 1.100000 1.100000
37.585329 -17.667673 0.000000 0.000000 0.000000 1.923383 1.100000 1.100000
37.452505 -17.308303 0.000000 0.000000 0.000000 1.920473 1.100000 1.100000
37.322899 -16.948022 0.000000 0.000000 0.000000 1.905654 1.100000 1.100000
37.201045 -16.585639 0.000000 0.000000 0.000000 1.878562 1.100000 1.100000
37.091474 -16.219962 0.000000 0.000000 0.000000 1.839863 1.100000 1.100000
36.998212 -15.850080 0.000000 0.000000 0.000000 1.793397 1.100000 1.100000
36.923140 -15.476275 0.000000 0.000000 0.000000 1.743052 1.100000 1.100000
36.867565 -15.099149 0.000000 0.000000 0.000000 1.689578 1.100000 1.100000
36.832800 -14.719300 0.000000 0.000000 0.000000 1.633090 1.100000 1.100000
36.820049 -14.337355 0.000000 0.000000 0.000000 1.575943 1.100000 1.100000
36.828863 -13.954358 0.000000 0.000000 0.000000 1.521976 1.100000 1.100000
36.857459 -13.571692 0.000000 0.000000 0.000000 1.472697 1.100000 1.100000
36.904014 -13.190749 0.000000 0.000000 0.000000 1.427740 1.100000 1.100000
36.966758 -12.812880 0.000000 0.000000 0.000000 1.385829 1.100000 1.100000
37.044704 -12.438822 0.000000 0.000000 0.000000 1.345237 1.100000 1.100000
37.137495 -12.068812 0.000000 0.000000 0.000000 1.305267 1.100000 1.100000
37.244790 -11.703076 0.000000 0.000000 0.000000 1.265936 1.100000 1.100000
37.366251 -11.341840 0.000000 0.000000 0.000000 1.227268 1.100000 1.100000
37.501537 -10.985329 0.000000 0.000000 0.000000 1.189282 1.100000 1.100000
37.650309 -10.633767 0.000000 0.000000 0.000000 1.151986 1.100000 1.100000
37.812226 -10.287381 0.000000 0.000000 0.000000 1.115381 1.100000 1.100000
37.986950 -9.946396 0.000000 0.000000 0.000000 1.079121 1.100000 1.100000
38.174311 -9.611272 0.000000 0.000000 0.000000 1.040175 1.100000 1.100000
38.375455 -9.284267 0.000000 0.000000 0.000000 0.994429 1.100000 1.100000
38.592128 -8.968465 0.000000 0.000000 0.000000 0.940230 1.100000 1.100000
38.826082 -8.666955 0.000000 0.000000 0.000000 0.877270 1.100000 1.100000
39.079012 -8.382763 0.000000 0.000000 0.000000 0.809801 1.100000 1.100000
39.350397 -8.116406 0.000000 0.000000 0.000000 0.748126 1.100000 1.100000
39.636789 -7.865089 0.000000 0.000000 0.000000 0.698592 1.100000 1.100000
39.934542 -7.625791 0.000000 0.000000 0.000000 0.661484 1.100000 1.100000
40.240009 -7.395490 0.000000 0.000000 0.000000 0.635770 1.100000 1.100000
40.550062 -7.171544 0.000000 0.000000 0.000000 0.617257 1.100000 1.100000
40.863666 -6.952833 0.000000 0.000000 0.000000 0.601878 1.100000 1.100000
41.180316 -6.738624 0.000000 0.000000 0.000000 0.588826 1.100000 1.100000
41.499507 -6.528182 0.000000 0.000000 0.000000 0.578107 1.100000 1.100000
41.820732 -6.320774 0.000000 0.000000 0.000000 0.569721 1.100000 1.100000
42.143486 -6.115665 0.000000 0.000000 0.000000 0.563667 1.100000 1.100000
42.467263 -5.912121 0.000000 0.000000 0.000000 0.559943 1.100000 1.100000
42.791557 -5.709408 0.000000 0.000000 0.000000 0.558546 1.100000 1.100000
43.115864 -5.506794 0.000000 0.000000 0.000000 0.559079 1.100000 1.100000
43.439851 -5.303792 0.000000 0.000000 0.000000 0.560272 1.100000 1.100000
43.763574 -5.100467 0.000000 0.000000 0.000000 0.561129 1.100000 1.100000
44.087136 -4.896958 0.000000 0.000000 0.000000 0.561533 1.100000 1.100000
44.410644 -4.693404 0.000000 0.000000 0.000000 0.561482 1.100000 1.100000
44.734203 -4.489942 0.000000 0.000000 0.000000 0.560978 1.100000 1.100000
45.057919 -4.286713 0.000000 0.000000 0.000000 0.560019 1.100000 1.100000
45.381897 -4.083853 0.000000 0.000000 0.000000 0.558607 1.100000 1.100000
45.706244 -3.881503 0.000000 0.000000 0.000000 0.556781 1.100000 1.100000
46.031046 -3.679775 0.000000 0.000000 0.000000 0.554860 1.100000 1.100000
46.356263 -3.478613 0.000000 0.000000 0.000000 0.553253 1.100000 1.100000
46.681798 -3.277878 0.000000 0.000000 0.000000 0.552082 1.100000 1.100000
47.007552 -3.077436 0.000000 0.000000 0.000000 0.551350 1.100000 1.100000
47.333427 -2.877149 0.000000 0.000000 0.000000 0.551055 1.100000 1.100000
47.659327 -2.676882 0.000000 0.000000 0.000000 0.551198 1.100000 1.100000
47.985153 -2.476498 0.000000 0.000000 0.000000 0.551778 1.100000 1.100000
48.310807 -2.275861 0.000000 0.000000 0.000000 0.552795 1.100000 1.100000
48.636191 -2.074835 0.000000 0.000000 0.000000 0.554251 1.100000 1.100000
48.961208 -1.873283 0.000000 0.000000 0.000000 0.556144 1.100000 1.100000
49.285759 -1.671069 0.000000 0.000000 0.000000 0.558476 1.100000 1.100000
49.609748 -1.468057 0.000000 0.000000 0.000000 0.561246 1.100000 1.100000
49.933075 -1.264110 0.000000 0.000000 0.000000 0.564455 1.100000 1.100000
50.255643 -1.059093 0.000000 0.000000 0.000000 0.568104 1.100000 1.100000
50.577355 -0.852869 0.000000 0.000000 0.000000 0.572192 1.100000 1.100000
50.898112 -0.645301 0.000000 0.000000 0.000000 0.576721 1.100000 1.100000
51.217816 -0.436254 0.000000 0.000000 0.000000 0.582027 1.100000 1.100000
51.536205 -0.225391 0.000000 0.000000 0.000000 0.593244 1.100000 1.100000
51.850666 -0.009547 0.000000 0.000000 0.000000 0.618789 1.100000 1.100000
52.156839 0.216551 0.000000 0.000000 0.000000 0.662462 1.100000 1.100000
52.450325 0.458222 0.000000 0.000000 0.000000 0.724333 1.100000 1.100000
52.726732 0.720771 0.000000 0.000000 0.000000 0.799802 1.100000 1.100000
52.983133 1.006604 0.000000 0.000000 0.000000 0.875701 1.100000 1.100000
53.219730 1.311939 0.000000 0.000000 0.000000 0.943032 1.100000 1.100000
53.437125 1.632199 0.000000 0.000000 0.000000 1.001878 1.100000 1.100000
53.635922 1.962807 0.000000 0.000000 0.000000 1.053395 1.100000 1.100000
53.816933 2.299564 0.000000 0.000000 0.000000 1.098407 1.100000 1.100000
53.982415 2.640909 0.000000 0.000000 0.000000 1.136821 1.100000 1.100000
54.135241 2.986400 0.000000 0.000000 0.000000 1.168162 1.100000 1.100000
54.278285 3.335598 0.000000 0.000000 0.000000 1.192119 1.100000 1.100000
54.414421 3.688067 0.000000 0.000000 0.000000 1.208531 1.100000 1.100000
54.546524 4.043368 0.000000 0.000000 0.000000 1.217357 1.100000 1.100000
54.677467 4.401062 0.000000 0.000000 0.000000 1.218645 1.100000 1.100000
54.810126 4.760713 0.000000 0.000000 0.000000 1.212507 1.100000 1.100000
54.947365 5.121847 0.000000 0.000000 0.000000 1.198897 1.100000 1.100000
55.091771 5.482790 0.000000 0.000000 0.000000 1.177407 1.100000 1.100000
55.245584 5.840406 0.000000 0.000000 0.000000 1.147536 1.100000 1.100000
55.411023 6.191469 0.000000 0.000000 0.000000 1.108821 1.100000 1.100000
55.590310 6.532751 0.000000 0.000000 0.000000 1.060664 1.100000 1.100000
55.785664 6.861028 0.000000 0.000000 0.000000 1.002381 1.100000 1.100000
55.999305 7.173072 0.000000 0.000000 0.000000 0.933337 1.100000 1.100000
56.233453 7.465658 0.000000 0.000000 0.000000 0.853126 1.100000 1.100000
56.490329 7.735558 0.000000 0.000000 0.000000 0.762318 1.100000 1.100000
56.771904 7.979809 0.000000 0.000000 0.000000 0.668680 1.100000 1.100000
57.076818 8.198948 0.000000 0.000000 0.000000 0.584218 1.100000 1.100000
57.401342 8.396003 0.000000 0.000000 0.000000 0.513665 1.100000 1.100000
57.741695 8.574058 0.000000 0.000000 0.000000 0.456483 1.100000 1.100000
58.094095 8.736197 0.000000 0.000000 0.000000 0.411797 1.100000 1.100000
58.454761 8.885503 0.000000 0.000000 0.000000 0.378767 1.100000 1.100000
58.819912 9.025060 0.000000 0.000000 0.000000 0.356756 1.100000 1.100000
59.185766 9.157952 0.000000 0.000000 0.000000 0.345441 1.100000 1.100000
59.548545 9.287274 0.000000 0.000000 0.000000 0.347069 1.100000 1.100000
59.904826 9.418043 0.000000 0.000000 0.000000 0.368858 1.100000 1.100000
60.251906 9.559158 0.000000 0.000000 0.000000 0.416616 1.100000 1.100000
60.587168 9.719993 0.000000 0.000000 0.000000 0.490957 1.100000 1.100000
60.907999 9.909918 0.000000 0.000000 0.000000 0.586677 1.100000 1.100000
61.212823 10.135899 0.000000 0.000000 0.000000 0.674802 1.100000 1.100000
61.506906 10.389104 0.000000 0.000000 0.000000 0.725446 1.100000 1.100000
61.797848 10.654670 0.000000 0.000000 0.000000 0.755194 1.100000 1.100000
62.079937 10.928524 0.000000 0.000000 0.000000 0.812755 1.100000 1.100000
62.332209 11.219098 0.000000 0.000000 0.000000 0.913326 1.100000 1.100000
62.544523 11.530274 0.000000 0.000000 0.000000 1.025997 1.100000 1.100000
62.720439 11.859771 0.000000 0.000000 0.000000 1.128204 1.100000 1.100000
62.864289 12.204955 0.000000 0.000000 0.000000 1.216788 1.100000 1.100000
62.980409 12.563196 0.000000 0.000000 0.000000 1.291027 1.100000 1.100000
63.073132 12.931860 0.000000 0.000000 0.000000 1.351100 1.100000 1.100000
63.146794 13.308315 0.000000 0.000000 0.000000 1.397635 1.100000 1.100000
63.205729 13.689929 0.000000 0.000000 0.000000 1.431354 1.100000 1.100000
63.254270 14.074070 0.000000 0.000000 0.000000 1.453158 1.100000 1.100000
63.296560 14.458485 0.000000 0.000000 0.000000 1.464717 1.100000 1.100000
63.336065 14.842243 0.000000 0.000000 0.000000 1.467348 1.100000 1.100000
63.376107 15.224700 0.000000 0.000000 0.000000 1.461214 1.100000 1.100000
63.420009 15.605211 0.000000 0.000000 0.000000 1.446207 1.100000 1.100000
63.471091 15.983131 0.000000 0.000000 0.000000 1.422196 1.100000 1.100000
63.532677 16.357814 0.000000 0.000000 0.000000 1.389058 1.100000 1.100000
63.608086 16.728618 0.000000 0.000000 0.000000 1.346743 1.100000 1.100000
63.700642 17.094896 0.000000 0.000000 0.000000 1.295368 1.100000 1.100000
63.813653 17.456003 0.000000 0.000000 0.000000 1.237115 1.100000 1.100000
63.948942 17.811193 0.000000 0.000000 0.000000 1.177623 1.100000 1.100000
64.105455 18.159530 0.000000 0.000000 0.000000 1.120668 1.100000 1.100000
64.281807 18.500052 0.000000 0.000000 0.000000 1.066338 1.100000 1.100000
64.476617 18.831798 0.000000 0.000000 0.000000 1.014295 1.100000 1.100000
64.688501 19.153809 0.000000 0.000000 0.000000 0.964184 1.100000 1.100000
64.916076 19.465125 0.000000 0.000000 0.000000 0.915640 1.100000 1.100000
65.157958 19.764785 0.000000 0.000000 0.000000 0.868293 1.100000 1.100000
65.412764 20.051828 0.000000 0.000000 0.000000 0.821829 1.100000 1.100000
65.679195 20.325454 0.000000 0.000000 0.000000 0.776418 1.100000 1.100000
65.956463 20.585848 0.000000 0.000000 0.000000 0.732631 1.100000 1.100000
66.243973 20.833567 0.000000 0.000000 0.000000 0.690785 1.100000 1.100000
66.541136 21.069172 0.000000 0.000000 0.000000 0.651007 1.100000 1.100000
66.847357 21.293221 0.000000 0.000000 0.000000 0.613389 1.100000 1.100000
67.162044 21.506276 0.000000 0.000000 0.000000 0.577985 1.100000 1.100000
67.484606 21.708894 0.000000 0.000000 0.000000 0.544824 1.100000 1.100000
67.814449 21.901637 0.000000 0.000000 0.000000 0.513906 1.100000 1.100000
68.150982 22.085062 0.000000 0.000000 0.000000 0.484684 1.100000 1.100000
68.493652 22.259291 0.000000 0.000000 0.000000 0.454797 1.100000 1.100000
68.842045 22.422982 0.000000 0.000000 0.000000 0.421959 1.100000 1.100000
69.195773 22.574490 0.000000 0.000000 0.000000 0.385615 1.100000 1.100000
69.554447 22.712173 0.000000 0.000000 0.000000 0.345565 1.100000 1.100000
69.917682 22.834386 0.000000 0.000000 0.000000 0.301620 1.100000 1.100000
70.285089 22.939485 0.000000 0.000000 0.000000 0.253612 1.100000 1.100000
70.656281 23.025826 0.000000 0.000000 0.000000 0.201420 1.100000 1.100000
71.030871 23.091765 0.000000 0.000000 0.000000 0.145135 1.100000 1.100000
71.408432 23.135762 0.000000 0.000000 0.000000 0.086562 1.100000 1.100000
71.788109 23.157477 0.000000 0.000000 0.000000 0.028378 1.100000 1.100000
72.168762 23.157344 0.000000 0.000000 0.000000 -0.028460 1.100000 1.100000
72.549252 23.135809 0.000000 0.000000 0.000000 -0.084083 1.100000 1.100000
72.928434 23.093318 0.000000 0.000000 0.000000 -0.138660 1.100000 1.100000
73.305169 23.030316 0.000000 0.000000 0.000000 -0.192378 1.100000 1.100000
73.678314 22.947251 0.000000 0.000000 0.000000 -0.245434 1.100000 1.100000
74.046728 22.844568 0.000000 0.000000 0.000000 -0.298035 1.100000 1.100000
74.409268 22.722713 0.000000 0.000000 0.000000 -0.349614 1.100000 1.100000
74.765124 22.582647 0.000000 0.000000 0.000000 -0.394955 1.100000 1.100000
75.115425 22.428345 0.000000 0.000000 0.000000 -0.427814 1.100000 1.100000
75.462006 22.264884 0.000000 0.000000 0.000000 -0.446571 1.100000 1.100000
75.806705 22.097338 0.000000 0.000000 0.000000 -0.451441 1.100000 1.100000
76.151323 21.930680 0.000000 0.000000 0.000000 -0.446225 1.100000 1.100000
76.496787 21.767197 0.000000 0.000000 0.000000 -0.438459 1.100000 1.100000
76.843089 21.606311 0.000000 0.000000 0.000000 -0.432247 1.100000 1.100000
77.190175 21.447307 0.000000 0.000000 0.000000 -0.427779 1.100000 1.100000
77.537989 21.289482 0.000000 0.000000 0.000000 -0.424612 1.100000 1.100000
77.886475 21.132499 0.000000 0.000000 0.000000 -0.421851 1.100000 1.100000
78.235571 20.976410 0.000000 0.000000 0.000000 -0.419012 1.100000 1.100000
78.585214 20.821288 0.000000 0.000000 0.000000 -0.416071 1.100000 1.100000
78.935342 20.667204 0.000000 0.000000 0.000000 -0.413026 1.100000 1.100000
79.285893 20.514227 0.000000 0.000000 0.000000 -0.409875 1.100000 1.100000
79.636805 20.362430 0.000000 0.000000 0.000000 -0.406616 1.100000 1.100000
79.988016 20.211884 0.000000 0.000000 0.000000 -0.403246 1.100000 1.100000
80.339463 20.062659 0.000000 0.000000 0.000000 -0.399227 1.100000 1.100000
80.691316 19.915174 0.000000 0.000000 0.000000 -0.388111 1.100000 1.100000
81.046282 19.773677 0.000000 0.000000 0.000000 -0.360302 1.100000 1.100000
81.408611 19.644934 0.000000 0.000000 0.000000 -0.297817 1.100000 1.100000
81.779310 19.548677 0.000000 0.000000 0.000000 -0.156670 1.100000 1.100000
82.153578 19.527256 0.000000 0.000000 0.000000 0.063944 1.100000 1.100000
82.525803 19.596475 0.000000 0.000000 0.000000 0.258495 1.100000 1.100000
82.890024 19.721980 0.000000 0.000000 0.000000 0.372574 1.100000 1.100000
83.242203 19.876464 0.000000 0.000000 0.000000 0.447014 1.100000 1.100000
83.581707 20.053558 0.000000 0.000000 0.000000 0.510027 1.100000 1.100000
83.908956 20.249442 0.000000 0.000000 0.000000 0.564281 1.100000 1.100000
84.225598 20.461096 0.000000 0.000000 0.000000 0.609679 1.100000 1.100000
84.533403 20.685582 0.000000 0.000000 0.000000 0.646079 1.100000 1.100000
84.834140 20.919958 0.000000 0.000000 0.000000 0.673874 1.100000 1.100000
85.129424 21.161551 0.000000 0.000000 0.000000 0.695679 1.100000 1.100000
85.420034 21.409138 0.000000 0.000000 0.000000 0.714423 1.100000 1.100000
85.706461 21.661985 0.000000 0.000000 0.000000 0.730848 1.100000 1.100000
85.989197 21.919362 0.000000 0.000000 0.000000 0.745026 1.100000 1.100000
86.268702 22.180568 0.000000 0.000000 0.000000 0.758432 1.100000 1.100000
86.544644 22.445632 0.000000 0.000000 0.000000 0.773890 1.100000 1.100000
86.815899 22.715312 0.000000 0.000000 0.000000 0.792889 1.100000 1.100000
87.081311 22.990400 0.000000 0.000000 0.000000 0.815522 1.100000 1.100000
87.339723 23.271686 0.000000 0.000000 0.000000 0.841814 1.100000 1.100000
87.589978 23.559960 0.000000 0.000000 0.000000 0.871775 1.100000 1.100000
87.830918 23.856013 0.000000 0.000000 0.000000 0.905393 1.100000 1.100000
88.061387 24.160635 0.000000 0.000000 0.000000 0.942615 1.100000 1.100000
88.280230 24.474616 0.000000 0.000000 0.000000 0.979289 1.100000 1.100000
88.488717 24.796787 0.000000 0.000000 0.000000 0.999486 1.100000 1.100000
88.695247 25.120236 0.000000 0.000000 0.000000 0.989310 1.100000 1.100000
88.909523 25.436996 0.000000 0.000000 0.000000 0.946332 1.100000 1.100000
89.141246 25.739103 0.000000 0.000000 0.000000 0.871086 1.100000 1.100000
89.399347 26.018878 0.000000 0.000000 0.000000 0.774911 1.100000 1.100000
89.684963 26.271534 0.000000 0.000000 0.000000 0.673500 1.100000 1.100000
89.994710 26.493958 0.000000 0.000000 0.000000 0.571312 1.100000 1.100000
90.325150 26.683060 0.000000 0.000000 0.000000 0.466895 1.100000 1.100000
90.672846 26.835783 0.000000 0.000000 0.000000 0.361874 1.100000 1.100000
91.034452 26.951562 0.000000 0.000000 0.000000 0.263719 1.100000 1.100000
91.406774 27.033949 0.000000 0.000000 0.000000 0.178004 1.100000 1.100000
91.786631 27.086885 0.000000 0.000000 0.000000 0.104786 1.100000 1.100000
92.170843 27.114308 0.000000 0.000000 0.000000 0.041932 1.100000 1.100000
92.556271 27.119177 0.000000 0.000000 0.000000 -0.019452 1.100000 1.100000
92.939987 27.099344 0.000000 0.000000 0.000000 -0.089128 1.100000 1.100000
93.319136 27.051003 0.000000 0.000000 0.000000 -0.170136 1.100000 1.100000
93.690860 26.970346 0.000000 0.000000 0.000000 -0.262041 1.100000 1.100000
94.052379 26.854342 0.000000 0.000000 0.000000 -0.358731 1.100000 1.100000
94.401312 26.703959 0.000000 0.000000 0.000000 -0.453491 1.100000 1.100000
94.735408 26.521455 0.000000 0.000000 0.000000 -0.545161 1.100000 1.100000
95.052414 26.309087 0.000000 0.000000 0.000000 -0.634424 1.100000 1.100000
95.350077 26.069112 0.000000 0.000000 0.000000 -0.722062 1.100000 1.100000
95.626145 25.803789 0.000000 0.000000 0.000000 -0.808915 1.100000 1.100000
95.878366 25.515373 0.000000 0.000000 0.000000 -0.895842 1.100000 1.100000
96.104487 25.206123 0.000000 0.000000 0.000000 -0.983674 1.100000 1.100000
96.302270 24.878303 0.000000 0.000000 0.000000 -1.057724 1.100000 1.100000
96.479816 24.539937 0.000000 0.000000 0.000000 -1.060091 1.100000 1.100000
96.673901 24.215014 0.000000 0.000000 0.000000 -0.943858 1.100000 1.100000
96.922340 23.929084 0.000000 0.000000 0.000000 -0.753464 1.100000 1.100000
97.226533 23.696596 0.000000 0.000000 0.000000 -0.558817 1.100000 1.100000
97.568423 23.525087 0.000000 0.000000 0.000000 -0.379827 1.100000 1.100000
97.933955 23.414184 0.000000 0.000000 0.000000 -0.219751 1.100000 1.100000
98.311673 23.359076 0.000000 0.000000 0.000000 -0.079957 1.100000 1.100000
98.692962 23.353367 0.000000 0.000000 0.000000 0.040127 1.100000 1.100000
99.071305 23.389574 0.000000 0.000000 0.000000 0.137998 1.100000 1.100000
99.445431 23.457870 0.000000 0.000000 0.000000 0.208323 1.100000 1.100000
99.816862 23.547177 0.000000 0.000000 0.000000 0.248915 1.100000 1.100000
100.187150 23.646405 0.000000 0.000000 0.000000 0.260327 1.100000 1.100000
100.557832 23.744551 0.000000 0.000000 0.000000 0.249468 1.100000 1.100000
100.929719 23.835593 0.000000 0.000000 0.000000 0.232806 1.100000 1.100000
101.302511 23.921118 0.000000 0.000000 0.000000 0.221169 1.100000 1.100000
101.675815 24.003351 0.000000 0.000000 0.000000 0.215428 1.100000 1.100000
102.049237 24.084519 0.000000 0.000000 0.000000 0.215148 1.100000 1.100000
102.422445 24.166512 0.000000 0.000000 0.000000 0.217746 1.100000 1.100000
102.795411 24.249613 0.000000 0.000000 0.000000 0.220449 1.100000 1.100000
103.168190 24.333627 0.000000 0.000000 0.000000 0.222618 1.100000 1.100000
103.540844 24.418357 0.000000 0.000000 0.000000 0.224253 1.100000 1.100000
103.913428 24.503608 0.000000 0.000000 0.000000 0.225354 1.100000 1.100000
104.286003 24.589183 0.000000 0.000000 0.000000 0.225921 1.100000 1.100000
104.658625 24.674888 0.000000 0.000000 0.000000 0.225955 1.100000 1.100000
105.031355 24.760525 0.000000 0.000000 0.000000 0.225464 1.100000 1.100000
105.404247 24.845906 0.000000 0.000000 0.000000 0.224632 1.100000 1.100000
105.777298 24.930965 0.000000 0.000000 0.000000 0.223786 1.100000 1.100000
106.150456 25.015742 0.000000 0.000000 0.000000 0.223084 1.100000 1.100000
106.523666 25.100285 0.000000 0.000000 0.000000 0.222532 1.100000 1.100000
106.896872 25.184640 0.000000 0.000000 0.000000 0.222128 1.100000 1.100000
107.270020 25.268854 0.000000 0.000000 0.000000 0.221875 1.100000 1.100000
107.643053 25.352971 0.000000 0.000000 0.000000 0.221771 1.100000 1.100000
108.015918 25.437038 0.000000 0.000000 0.000000 0.221816 1.100000 1.100000
108.388560 25.521102 0.000000 0.000000 0.000000 0.222012 1.100000 1.100000
108.760937 25.605213 0.000000 0.000000 0.000000 0.222374 1.100000 1.100000
109.133137 25.689461 0.000000 0.000000 0.000000 0.222922 1.100000 1.100000
109.505311 25.773955 0.000000 0.000000 0.000000 0.223661 1.100000 1.100000
109.877615 25.858806 0.000000 0.000000 0.000000 0.224591 1.100000 1.100000
110.250200 25.944122 0.000000 0.000000 0.000000 0.225710 1.100000 1.100000
110.623220 26.030013 0.000000 0.000000 0.000000 0.227014 1.100000 1.100000
110.996828 26.116590 0.000000 0.000000 0.000000 0.228503 1.100000 1.100000
111.371177 26.203962 0.000000 0.000000 0.000000 0.230484 1.100000 1.100000
111.746303 26.292457 0.000000 0.000000 0.000000 0.249602 1.100000 1.100000
112.116072 26.393849 0.000000 0.000000 0.000000 0.327525 1.100000 1.100000
112.465279 26.536738 0.000000 0.000000 0.000000 0.482820 1.100000 1.100000
112.781562 26.742699 0.000000 0.000000 0.000000 0.649217 1.100000 1.100000
113.068937 26.994897 0.000000 0.000000 0.000000 0.759742 1.100000 1.100000
113.335547 27.268964 0.000000 0.000000 0.000000 0.825514 1.100000 1.100000
113.586970 27.556253 0.000000 0.000000 0.000000 0.869835 1.100000 1.100000
113.828062 27.852559 0.000000 0.000000 0.000000 0.897309 1.100000 1.100000
114.063679 28.153673 0.000000 0.000000 0.000000 0.908213 1.100000 1.100000
114.298525 28.455520 0.000000 0.000000 0.000000 0.907350 1.100000 1.100000
114.534700 28.756278 0.000000 0.000000 0.000000 0.903050 1.100000 1.100000
114.772089 29.056037 0.000000 0.000000 0.000000 0.899253 1.100000 1.100000
115.010507 29.354951 0.000000 0.000000 0.000000 0.896080 1.100000 1.100000
115.249771 29.653171 0.000000 0.000000 0.000000 0.893533 1.100000 1.100000
115.489696 29.950850 0.000000 0.000000 0.000000 0.891610 1.100000 1.100000
115.730099 30.248139 0.000000 0.000000 0.000000 0.890312 1.100000 1.100000
115.970794 30.545192 0.000000 0.000000 0.000000 0.889639 1.100000 1.100000
116.211598 30.842160 0.000000 0.000000 0.000000 0.889509 1.100000 1.100000
116.452375 31.139155 0.000000 0.000000 0.000000 0.889635 1.100000 1.100000
116.693109 31.436190 0.000000 0.000000 0.000000 0.889787 1.100000 1.100000
116.933801 31.733264 0.000000 0.000000 0.000000 0.889934 1.100000 1.100000
117.174452 32.030376 0.000000 0.000000 0.000000 0.890075 1.100000 1.100000
117.415065 32.327523 0.000000 0.000000 0.000000 0.890210 1.100000 1.100000
117.655639 32.624705 0.000000 0.000000 0.000000 0.890341 1.100000 1.100000
117.896178 32.921919 0.000000 0.000000 0.000000 0.890466 1.100000 1.100000
118.136681 33.219165 0.000000 0.000000 0.000000 0.890586 1.100000 1.100000
118.377151 33.516440 0.000000 0.000000 0.000000 0.890700 1.100000 1.100000
118.617589 33.813744 0.000000 0.000000 0.000000 0.890809 1.100000 1.100000
118.857997 34.111075 0.000000 0.000000 0.000000 0.890913 1.100000 1.100000
119.098375 34.408431 0.000000 0.000000 0.000000 0.891012 1.100000 1.100000
119.338725 34.705811 0.000000 0.000000 0.000000 0.891105 1.100000 1.100000
119.579049 35.003213 0.000000 0.000000 0.000000 0.891192 1.100000 1.100000
119.819347 35.300636 0.000000 0.000000 0.000000 0.891275 1.100000 1.100000
120.059622 35.598078 0.000000 0.000000 0.000000 0.891352 1.100000 1.100000
120.299875 35.895537 0.000000 0.000000 0.000000 0.891424 1.100000 1.100000
120.540106 36.193013 0.000000 0.000000 0.000000 0.891490 1.100000 1.100000
120.780319 36.490504 0.000000 0.000000 0.000000 0.891551 1.100000 1.100000
121.020513 36.788008 0.000000 0.000000 0.000000 0.891607 1.100000 1.100000
121.260691 37.085523 0.000000 0.000000 0.000000 0.891658 1.100000 1.100000
121.500853 37.383049 0.000000 0.000000 0.000000 0.891703 1.100000 1.100000
121.741001 37.680584 0.000000 0.000000 0.000000 0.891743 1.100000 1.100000
121.981137 37.978125 0.000000 0.000000 0.000000 0.891777 1.100000 1.100000
122.221262 38.275672 0.000000 0.000000 0.000000 0.891806 1.100000 1.100000
122.461377 38.573224 0.000000 0.000000 0.000000 0.891830 1.100000 1.100000
122.701485 38.870778 0.000000 0.000000 0.000000 0.891848 1.100000 1.100000
122.941585 39.168333 0.000000 0.000000 0.000000 0.891862 1.100000 1.100000
123.181679 39.465888 0.000000 0.000000 0.000000 0.891869 1.100000 1.100000
123.421770 39.763441 0.000000 0.000000 0.000000 0.891872 1.100000 1.100000
123.661858 40.060991 0.000000 0.000000 0.000000 0.891869 1.100000 1.100000
123.901945 40.358535 0.000000 0.000000 0.000000 0.891861 1.100000 1.100000
124.142032 40.656073 0.000000 0.000000 0.000000 0.891847 1.100000 1.100000
124.382120 40.953604 0.000000 0.000000 0.000000 0.891829 1.100000 1.100000
124.622211 41.251125 0.000000 0.000000 0.000000 0.891811 1.100000 1.100000
124.862304 41.548639 0.000000 0.000000 0.000000 0.891810 1.100000 1.100000
125.102392 41.846154 0.000000 0.000000 0.000000 0.891833 1.100000 1.100000
125.342470 42.143678 0.000000 0.000000 0.000000 0.891882 1.100000 1.100000
125.582531 42.441220 0.000000 0.000000 0.000000 0.891957 1.100000 1.100000
125.822569 42.738787 0.000000 0.000000 0.000000 0.892058 1.100000 1.100000
126.062579 43.036387 0.000000 0.000000 0.000000 0.892184 1.100000 1.100000
126.302555 43.334030 0.000000 0.000000 0.000000 0.892336 1.100000 1.100000
126.542489 43.631722 0.000000 0.000000 0.000000 0.892513 1.100000 1.100000
126.782377 43.929472 0.000000 0.000000 0.000000 0.892717 1.100000 1.100000
127.022213 44.227289 0.000000 0.000000 0.000000 0.892945 1.100000 1.100000
127.261990 44.525180 0.000000 0.000000 0.000000 0.893199 1.100000 1.100000
127.501702 44.823154 0.000000 0.000000 0.000000 0.893479 1.100000 1.100000
127.741344 45.121219 0.000000 0.000000 0.000000 0.893785 1.100000 1.100000
127.980909 45.419383 0.000000 0.000000 0.000000 0.894116 1.100000 1.100000
128.220391 45.717653 0.000000 0.000000 0.000000 0.894473 1.100000 1.100000
128.459785 46.016039 0.000000 0.000000 0.000000 0.894858 1.100000 1.100000
128.699082 46.314550 0.000000 0.000000 0.000000 0.895971 1.100000 1.100000
128.937822 46.613482 0.000000 0.000000 0.000000 0.900104 1.100000 1.100000
129.174506 46.913788 0.000000 0.000000 0.000000 0.909082 1.100000 1.100000
129.407495 47.216513 0.000000 0.000000 0.000000 0.923150 1.100000 1.100000
129.635146 47.522701 0.000000 0.000000 0.000000 0.941985 1.100000 1.100000
129.856069 47.833283 0.000000 0.000000 0.000000 0.962564 1.100000 1.100000
130.070770 48.148335 0.000000 0.000000 0.000000 0.980929 1.100000 1.100000
130.280619 48.467542 0.000000 0.000000 0.000000 0.995778 1.100000 1.100000
130.486995 48.790587 0.000000 0.000000 0.000000 1.007562 1.100000 1.100000
130.690884 49.117246 0.000000 0.000000 0.000000 1.036509 1.100000 1.100000
130.877765 49.451017 0.000000 0.000000 0.000000 1.130463 1.100000 1.100000
131.012726 49.800288 0.000000 0.000000 0.000000 1.318936 1.100000 1.100000
131.062664 50.169562 0.000000 0.000000 0.000000 1.578111 1.100000 1.100000
131.007268 50.546441 0.000000 0.000000 0.000000 1.870197 1.100000 1.100000
130.836039 50.903738 0.000000 0.000000 0.000000 2.186203 1.100000 1.100000
130.564570 51.172608 0.000000 0.000000 0.000000 2.572091 1.100000 1.100000
130.218428 51.299173 0.000000 0.000000 0.000000 2.932525 1.100000 1.100000
129.836854 51.327006 0.000000 0.000000 0.000000 3.125007 1.100000 1.100000
129.454570 51.311843 0.000000 0.000000 0.000000 -3.063471 1.100000 1.100000
129.077482 51.267561 0.000000 0.000000 0.000000 -2.991398 1.100000 1.100000
128.704843 51.198384 0.000000 0.000000 0.000000 -2.930345 1.100000 1.100000
128.335912 51.108534 0.000000 0.000000 0.000000 -2.880768 1.100000 1.100000
127.969945 51.002236 0.000000 0.000000 0.000000 -2.842725 1.100000 1.100000
127.606197 50.883712 0.000000 0.000000 0.000000 -2.816075 1.100000 1.100000
127.243926 50.757187 0.000000 0.000000 0.000000 -2.800623 1.100000 1.100000
126.882388 50.626884 0.000000 0.000000 0.000000 -2.796208 1.100000 1.100000
126.520840 50.497016 0.000000 0.000000 0.000000 -2.800890 1.100000 1.100000
126.158794 50.370350 0.000000 0.000000 0.000000 -2.808969 1.100000 1.100000
125.796275 50.246708 0.000000 0.000000 0.000000 -2.816144 1.100000 1.100000
125.433367 50.125556 0.000000 0.000000 0.000000 -2.821937 1.100000 1.100000
125.070160 50.006359 0.000000 0.000000 0.000000 -2.826340 1.100000 1.100000
124.706738 49.888581 0.000000 0.000000 0.000000 -2.829346 1.100000 1.100000
124.343189 49.771688 0.000000 0.000000 0.000000 -2.830952 1.100000 1.100000
123.979600 49.655145 0.000000 0.000000 0.000000 -2.831154 1.100000 1.100000
123.616057 49.538417 0.000000 0.000000 0.000000 -2.830036 1.100000 1.100000
123.252636 49.421030 0.000000 0.000000 0.000000 -2.828217 1.100000 1.100000
122.889343 49.302922 0.000000 0.000000 0.000000 -2.826455 1.100000 1.100000
122.526153 49.184195 0.000000 0.000000 0.000000 -2.824966 1.100000 1.100000
122.163043 49.064951 0.000000 0.000000 0.000000 -2.823752 1.100000 1.100000
121.799990 48.945292 0.000000 0.000000 0.000000 -2.822811 1.100000 1.100000
121.436971 48.825320 0.000000 0.000000 0.000000 -2.822144 1.100000 1.100000
121.073960 48.705137 0.000000 0.000000 0.000000 -2.821750 1.100000 1.100000
120.710936 48.584846 0.000000 0.000000 0.000000 -2.821630 1.100000 1.100000
120.347874 48.464550 0.000000 0.000000 0.000000 -2.821783 1.100000 1.100000
119.984751 48.344349 0.000000 0.000000 0.000000 -2.822209 1.100000 1.100000
119.621542 48.224348 0.000000 0.000000 0.000000 -2.822908 1.100000 1.100000
119.258226 48.104647 0.000000 0.000000 0.000000 -2.823880 1.100000 1.100000
118.894778 47.985349 0.000000 0.000000 0.000000 -2.825125 1.100000 1.100000
118.531174 47.866557 0.000000 0.000000 0.000000 -2.826644 1.100000 1.100000
118.167391 47.748372 0.000000 0.000000 0.000000 -2.828436 1.100000 1.100000
117.803406 47.630897 0.000000 0.000000 0.000000 -2.830502 1.100000 1.100000
117.439194 47.514234 0.000000 0.000000 0.000000 -2.832832 1.100000 1.100000
117.074734 47.398479 0.000000 0.000000 0.000000 -2.835303 1.100000 1.100000
116.710024 47.283641 0.000000 0.000000 0.000000 -2.837720 1.100000 1.100000
116.345076 47.169670 0.000000 0.000000 0.000000 -2.840003 1.100000 1.100000
115.979902 47.056515 0.000000 0.000000 0.000000 -2.842150 1.100000 1.100000
115.614514 46.944127 0.000000 0.000000 0.000000 -2.844162 1.100000 1.100000
115.248924 46.832453 0.000000 0.000000 0.000000 -2.846037 1.100000 1.100000
114.883145 46.721444 0.000000 0.000000 0.000000 -2.847776 1.100000 1.100000
114.517188 46.611049 0.000000 0.000000 0.000000 -2.849380 1.100000 1.100000
114.151067 46.501217 0.000000 0.000000 0.000000 -2.850847 1.100000 1.100000
113.784791 46.391898 0.000000 0.000000 0.000000 -2.852178 1.100000 1.100000
113.418375 46.283040 0.000000 0.000000 0.000000 -2.853373 1.100000 1.100000
113.051830 46.174593 0.000000 0.000000 0.000000 -2.854432 1.100000 1.100000
112.685168 46.066507 0.000000 0.000000 0.000000 -2.855354 1.100000 1.100000
112.318402 45.958730 0.000000 0.000000 0.000000 -2.856140 1.100000 1.100000
111.951543 45.851212 0.000000 0.000000 0.000000 -2.856790 1.100000 1.100000
111.584604 45.743902 0.000000 0.000000 0.000000 -2.857304 1.100000 1.100000
111.217597 45.636750 0.000000 0.000000 0.000000 -2.857683 1.100000 1.100000
110.850534 45.529706 0.000000 0.000000 0.000000 -2.857973 1.100000 1.100000
110.483420 45.422754 0.000000 0.000000 0.000000 -2.858267 1.100000 1.100000
110.116254 45.315914 0.000000 0.000000 0.000000 -2.858618 1.100000 1.100000
109.749035 45.209211 0.000000 0.000000 0.000000 -2.859030 1.100000 1.100000
109.381760 45.102668 0.000000 0.000000 0.000000 -2.859501 1.100000 1.100000
109.014429 44.996307 0.000000 0.000000 0.000000 -2.860032 1.100000 1.100000
108.647038 44.890153 0.000000 0.000000 0.000000 -2.860622 1.100000 1.100000
108.279587 44.784228 0.000000 0.000000 0.000000 -2.861273 1.100000 1.100000
107.912074 44.678557 0.000000 0.000000 0.000000 -2.861988 1.100000 1.100000
107.544496 44.573164 0.000000 0.000000 0.000000 -2.862831 1.100000 1.100000
107.176835 44.468121 0.000000 0.000000 0.000000 -2.863897 1.100000 1.100000
106.809065 44.363522 0.000000 0.000000 0.000000 -2.865227 1.100000 1.100000
106.441157 44.259465 0.000000 0.000000 0.000000 -2.866821 1.100000 1.100000
106.073085 44.156047 0.000000 0.000000 0.000000 -2.868678 1.100000 1.100000
105.704820 44.053365 0.000000 0.000000 0.000000 -2.870799 1.100000 1.100000
105.336337 43.951516 0.000000 0.000000 0.000000 -2.873184 1.100000 1.100000
104.967607 43.850598 0.000000 0.000000 0.000000 -2.875832 1.100000 1.100000
104.598604 43.750706 0.000000 0.000000 0.000000 -2.878666 1.100000 1.100000
104.229314 43.651881 0.000000 0.000000 0.000000 -2.881465 1.100000 1.100000
103.859757 43.554056 0.000000 0.000000 0.000000 -2.884070 1.100000 1.100000
103.489952 43.457155 0.000000 0.000000 0.000000 -2.886464 1.100000 1.100000
103.119920 43.361098 0.000000 0.000000 0.000000 -2.888647 1.100000 1.100000
102.749681 43.265808 0.000000 0.000000 0.000000 -2.890619 1.100000 1.100000
102.379256 43.171206 0.000000 0.000000 0.000000 -2.892380 1.100000 1.100000
102.008666 43.077217 0.000000 0.000000 0.000000 -2.893930 1.100000 1.100000
101.637931 42.983760 0.000000 0.000000 0.000000 -2.895270 1.100000 1.100000
101.267071 42.890758 0.000000 0.000000 0.000000 -2.896399 1.100000 1.100000
100.896107 42.798134 0.000000 0.000000 0.000000 -2.897317 1.100000 1.100000
100.525060 42.705810 0.000000 0.000000 0.000000 -2.898025 1.100000 1.100000
100.153950 42.613707 0.000000 0.000000 0.000000 -2.898522 1.100000 1.100000
99.782797 42.521748 0.000000 0.000000 0.000000 -2.898808 1.100000 1.100000
99.411623 42.429855 0.000000 0.000000 0.000000 -2.898883 1.100000 1.100000
99.040447 42.337950 0.000000 0.000000 0.000000 -2.898748 1.100000 1.100000
98.669291 42.245955 0.000000 0.000000 0.000000 -2.898402 1.100000 1.100000
98.298174 42.153791 0.000000 0.000000 0.000000 -2.897857 1.100000 1.100000
97.927116 42.061391 0.000000 0.000000 0.000000 -2.897254 1.100000 1.100000
97.556110 41.968780 0.000000 0.000000 0.000000 -2.896806 1.100000 1.100000
97.185137 41.876047 0.000000 0.000000 0.000000 -2.896597 1.100000 1.100000
96.814175 41.783283 0.000000 0.000000 0.000000 -2.896629 1.100000 1.100000
96.443203 41.690576 0.000000 0.000000 0.000000 -2.896903 1.100000 1.100000
96.072201 41.598017 0.000000 0.000000 0.000000 -2.897417 1.100000 1.100000
95.701148 41.505695 0.000000 0.000000 0.000000 -2.898172 1.100000 1.100000
95.330023 41.413701 0.000000 0.000000 0.000000 -2.899169 1.100000 1.100000
94.958804 41.322123 0.000000 0.000000 0.000000 -2.900406 1.100000 1.100000
94.587472 41.231052 0.000000 0.000000 0.000000 -2.901885 1.100000 1.100000
94.216004 41.140577 0.000000 0.000000 0.000000 -2.903604 1.100000 1.100000
93.844381 41.050789 0.000000 0.000000 0.000000 -2.905565 1.100000 1.100000
93.472582 40.961776 0.000000 0.000000 0.000000 -2.907767 1.100000 1.100000
93.100585 40.873629 0.000000 0.000000 0.000000 -2.910210 1.100000 1.100000
92.728369 40.786438 0.000000 0.000000 0.000000 -2.912894 1.100000 1.100000
92.355914 40.700292 0.000000 0.000000 0.000000 -2.915819 1.100000 1.100000
91.983199 40.615280 0.000000 0.000000 0.000000 -2.918979 1.100000 1.100000
91.610205 40.531489 0.000000 0.000000 0.000000 -2.922193 1.100000 1.100000
91.236940 40.448872 0.000000 0.000000 0.000000 -2.925102 1.100000 1.100000
90.863446 40.367249 0.000000 0.000000 0.000000 -2.927514 1.100000 1.100000
90.489765 40.286429 0.000000 0.000000 0.000000 -2.929421 1.100000 1.100000
90.115939 40.206225 0.000000 0.000000 0.000000 -2.930822 1.100000 1.100000
89.742012 40.126448 0.000000 0.000000 0.000000 -2.931716 1.100000 1.100000
89.368025 40.046910 0.000000 0.000000 0.000000 -2.932105 1.100000 1.100000
88.994021 39.967421 0.000000 0.000000 0.000000 -2.931988 1.100000 1.100000
88.620043 39.887792 0.000000 0.000000 0.000000 -2.931389 1.100000 1.100000
88.246128 39.807854 0.000000 0.000000 0.000000 -2.930588 1.100000 1.100000
87.872275 39.727626 0.000000 0.000000 0.000000 -2.930002 1.100000 1.100000
87.498453 39.647249 0.000000 0.000000 0.000000 -2.929792 1.100000 1.100000
87.124635 39.566865 0.000000 0.000000 0.000000 -2.929962 1.100000 1.100000
86.750791 39.486615 0.000000 0.000000 0.000000 -2.930510 1.100000 1.100000
86.376891 39.406642 0.000000 0.000000 0.000000 -2.931438 1.100000 1.100000
86.002907 39.327088 0.000000 0.000000 0.000000 -2.932745 1.100000 1.100000
85.628810 39.248095 0.000000 0.000000 0.000000 -2.934430 1.100000 1.100000
85.254570 39.169804 0.000000 0.000000 0.000000 -2.936418 1.100000 1.100000
84.880169 39.092301 0.000000 0.000000 0.000000 -2.938506 1.100000 1.100000
84.505612 39.015574 0.000000 0.000000 0.000000 -2.940550 1.100000 1.100000
84.130903 38.939603 0.000000 0.000000 0.000000 -2.942536 1.100000 1.100000
83.756048 38.864366 0.000000 0.000000 0.000000 -2.944464 1.100000 1.100000
83.381050 38.789841 0.000000 0.000000 0.000000 -2.946335 1.100000 1.100000
83.005917 38.716007 0.000000 0.000000 0.000000 -2.948149 1.100000 1.100000
82.630652 38.642843 0.000000 0.000000 0.000000 -2.949904 1.100000 1.100000
82.255260 38.570326 0.000000 0.000000 0.000000 -2.951603 1.100000 1.100000
81.879748 38.498437 0.000000 0.000000 0.000000 -2.953244 1.100000 1.100000
81.504120 38.427153 0.000000 0.000000 0.000000 -2.954827 1.100000 1.100000
81.128381 38.356452 0.000000 0.000000 0.000000 -2.956353 1.100000 1.100000
80.752536 38.286315 0.000000 0.000000 0.000000 -2.957821 1.100000 1.100000
80.376591 38.216718 0.000000 0.000000 0.000000 -2.959232 1.100000 1.100000
80.000551 38.147641 0.000000 0.000000 0.000000 -2.960585 1.100000 1.100000
79.624420 38.079063 0.000000 0.000000 0.000000 -2.961880 1.100000 1.100000
79.248205 38.010961 0.000000 0.000000 0.000000 -2.963119 1.100000 1.100000
78.871909 37.943314 0.000000 0.000000 0.000000 -2.964306 1.100000 1.100000
78.495537 37.876107 0.000000 0.000000 0.000000 -2.965471 1.100000 1.100000
78.119090 37.809339 0.000000 0.000000 0.000000 -2.966640 1.100000 1.100000
77.742567 37.743012 0.000000 0.000000 0.000000 -2.967814 1.100000 1.100000
77.365968 37.677129 0.000000 0.000000 0.000000 -2.968996 1.100000 1.100000
76.989293 37.611693 0.000000 0.000000 0.000000 -2.970184 1.100000 1.100000
76.612541 37.546705 0.000000 0.000000 0.000000 -2.971379 1.100000 1.100000
76.235712 37.482170 0.000000 0.000000 0.000000 -2.972581 1.100000 1.100000
75.858806 37.418088 0.000000 0.000000 0.000000 -2.973789 1.100000 1.100000
75.481823 37.354464 0.000000 0.000000 0.000000 -2.975004 1.100000 1.100000
75.104762 37.291298 0.000000 0.000000 0.000000 -2.976226 1.100000 1.100000
74.727624 37.228595 0.000000 0.000000 0.000000 -2.977455 1.100000 1.100000
74.350407 37.166356 0.000000 0.000000 0.000000 -2.978690 1.100000 1.100000
73.973112 37.104584 0.000000 0.000000 0.000000 -2.979932 1.100000 1.100000
73.595739 37.043282 0.000000 0.000000 0.000000 -2.981181 1.100000 1.100000
73.218286 36.982452 0.000000 0.000000 0.000000 -2.982436 1.100000 1.100000
72.840755 36.922097 0.000000 0.000000 0.000000 -2.983699 1.100000 1.100000
72.463144 36.862219 0.000000 0.000000 0.000000 -2.984968 1.100000 1.100000
72.085454 36.802821 0.000000 0.000000 0.000000 -2.986251 1.100000 1.100000
71.707684 36.743911 0.000000 0.000000 0.000000 -2.987552 1.100000 1.100000
71.329835 36.685496 0.000000 0.000000 0.000000 -2.988874 1.100000 1.100000
70.951906 36.627584 0.000000 0.000000 0.000000 -2.990217 1.100000 1.100000
70.573898 36.570183 0.000000 0.000000 0.000000 -2.991579 1.100000 1.100000
70.195810 36.513301 0.000000 0.000000 0.000000 -2.992962 1.100000 1.100000
69.817643 36.456946 0.000000 0.000000 0.000000 -2.994366 1.100000 1.100000
69.439397 36.401125 0.000000 0.000000 0.000000 -2.995790 1.100000 1.100000
69.061072 36.345847 0.000000 0.000000 0.000000 -2.997234 1.100000 1.100000
68.682668 36.291119 0.000000 0.000000 0.000000 -2.998699 1.100000 1.100000
68.304184 36.236950 0.000000 0.000000 0.000000 -3.000184 1.100000 1.100000
67.925622 36.183347 0.000000 0.000000 0.000000 -3.001690 1.100000 1.100000
67.546980 36.130318 0.000000 0.000000 0.000000 -3.003216 1.100000 1.100000
67.168260 36.077871 0.000000 0.000000 0.000000 -3.004762 1.100000 1.100000
66.789460 36.026015 0.000000 0.000000 0.000000 -3.006329 1.100000 1.100000
66.410582 35.974756 0.000000 0.000000 0.000000 -3.007917 1.100000 1.100000
66.031626 35.924103 0.000000 0.000000 0.000000 -3.009520 1.100000 1.100000
65.652590 35.874060 0.000000 0.000000 0.000000 -3.011088 1.100000 1.100000
65.273481 35.824596 0.000000 0.000000 0.000000 -3.012545 1.100000 1.100000
64.894305 35.775658 0.000000 0.000000 0.000000 -3.013864 1.100000 1.100000
64.515067 35.727194 0.000000 0.000000 0.000000 -3.015046 1.100000 1.100000
64.135775 35.679153 0.000000 0.000000 0.000000 -3.016090 1.100000 1.100000
63.756436 35.631481 0.000000 0.000000 0.000000 -3.016996 1.100000 1.100000
63.377055 35.584127 0.000000 0.000000 0.000000 -3.017765 1.100000 1.100000
62.997640 35.537038 0.000000 0.000000 0.000000 -3.018395 1.100000 1.100000
62.618197 35.490162 0.000000 0.000000 0.000000 -3.018887 1.100000 1.100000
62.238732 35.443446 0.000000 0.000000 0.000000 -3.019242 1.100000 1.100000
61.859253 35.396838 0.000000 0.000000 0.000000 -3.019459 1.100000 1.100000
61.479765 35.350287 0.000000 0.000000 0.000000 -3.019538 1.100000 1.100000
61.100276 35.303739 0.000000 0.000000 0.000000 -3.019479 1.100000 1.100000
60.720791 35.257142 0.000000 0.000000 0.000000 -3.019282 1.100000 1.100000
60.341318 35.210444 0.000000 0.000000 0.000000 -3.018947 1.100000 1.100000
59.961863 35.163593 0.000000 0.000000 0.000000 -3.018475 1.100000 1.100000
59.582433 35.116537 0.000000 0.000000 0.000000 -3.017867 1.100000 1.100000
59.203034 35.069225 0.000000 0.000000 0.000000 -3.017188 1.100000 1.100000
58.823666 35.021653 0.000000 0.000000 0.000000 -3.016555 1.100000 1.100000
58.444325 34.973860 0.000000 0.000000 0.000000 -3.016029 1.100000 1.100000
58.065005 34.925889 0.000000 0.000000 0.000000 -3.015612 1.100000 1.100000
57.685702 34.877780 0.000000 0.000000 0.000000 -3.015304 1.100000 1.100000
57.306411 34.829574 0.000000 0.000000 0.000000 -3.015104 1.100000 1.100000
56.927126 34.781314 0.000000 0.000000 0.000000 -3.015014 1.100000 1.100000
56.547843 34.733039 0.000000 0.000000 0.000000 -3.015032 1.100000 1.100000
56.168556 34.684793 0.000000 0.000000 0.000000 -3.015159 1.100000 1.100000
55.789261 34.636615 0.000000 0.000000 0.000000 -3.015395 1.100000 1.100000
55.409952 34.588547 0.000000 0.000000 0.000000 -3.015740 1.100000 1.100000
55.030624 34.540631 0.000000 0.000000 0.000000 -3.016194 1.100000 1.100000
54.651272 34.492908 0.000000 0.000000 0.000000 -3.016757 1.100000 1.100000
54.271892 34.445419 0.000000 0.000000 0.000000 -3.017429 1.100000 1.100000
53.892477 34.398206 0.000000 0.000000 0.000000 -3.018209 1.100000 1.100000
53.513024 34.351310 0.000000 0.000000 0.000000 -3.019099 1.100000 1.100000
53.133527 34.304771 0.000000 0.000000 0.000000 -3.020096 1.100000 1.100000
52.753981 34.258632 0.000000 0.000000 0.000000 -3.021157 1.100000 1.100000
52.374385 34.212899 0.000000 0.000000 0.000000 -3.022164 1.100000 1.100000
51.994744 34.167524 0.000000 0.000000 0.000000 -3.023041 1.100000 1.100000
51.615066 34.122456 0.000000 0.000000 0.000000 -3.023781 1.100000 1.100000
51.235356 34.077643 0.000000 0.000000 0.000000 -3.024385 1.100000 1.100000
50.855620 34.033034 0.000000 0.000000 0.000000 -3.024853 1.100000 1.100000
50.475864 33.988575 0.000000 0.000000 0.000000 -3.025184 1.100000 1.100000
50.096095 33.944217 0.000000 0.000000 0.000000 -3.025378 1.100000 1.100000
49.716318 33.899906 0.000000 0.000000 0.000000 -3.025436 1.100000 1.100000
49.336540 33.855590 0.000000 0.000000 0.000000 -3.025357 1.100000 1.100000
48.956768 33.811219 0.000000 0.000000 0.000000 -3.025142 1.100000 1.100000
48.577006 33.766740 0.000000 0.000000 0.000000 -3.024791 1.100000 1.100000
48.197262 33.722102 0.000000 0.000000 0.000000 -3.024302 1.100000 1.100000
47.817542 33.677252 0.000000 0.000000 0.000000 -3.023678 1.100000 1.100000
47.437851 33.632139 0.000000 0.000000 0.000000 -3.022917 1.100000 1.100000
47.058195 33.586710 0.000000 0.000000 0.000000 -3.022019 1.100000 1.100000
46.678582 33.540915 0.000000 0.000000 0.000000 -3.020985 1.100000 1.100000
46.299017 33.494701 0.000000 0.000000 0.000000 -3.019931 1.100000 1.100000
45.919496 33.448105 0.000000 0.000000 0.000000 -3.020049 1.100000 1.100000
45.539926 33.401981 0.000000 0.000000 0.000000 -3.022993 1.100000 1.100000
45.160163 33.357623 0.000000 0.000000 0.000000 -3.029346 1.100000 1.100000
44.780065 33.316329 0.000000 0.000000 0.000000 -3.039044 1.100000 1.100000
44.399495 33.279343 0.000000 0.000000 0.000000 -3.047792 1.100000 1.100000
44.018714 33.244704 0.000000 0.000000 0.000000 -3.044871 1.100000 1.100000
43.638598 33.205517 0.000000 0.000000 0.000000 -3.023206 1.100000 1.100000
43.260073 33.154469 0.000000 0.000000 0.000000 -2.982227 1.100000 1.100000
42.884066 33.084242 0.000000 0.000000 0.000000 -2.910883 1.100000 1.100000
42.517837 32.980124 0.000000 0.000000 0.000000 -2.742128 1.100000 1.100000
42.199072 32.795064 0.000000 0.000000 0.000000 -2.423282 1.100000 1.100000
41.972065 32.503073 0.000000 0.000000 0.000000 -2.054948 1.100000 1.100000
41.852050 32.135199 0.000000 0.000000 0.000000 -1.758131 1.100000 1.100000
41.830803 31.757855 0.000000 0.000000 0.000000 -1.468803 1.100000 1.100000
41.926148 31.411222 0.000000 0.000000 0.000000 -1.171378 1.100000 1.100000
42.112715 31.089988 0.000000 0.000000 0.000000 -1.000805 1.100000 1.100000
42.332571 30.777131 0.000000 0.000000 0.000000 -0.942199 1.100000 1.100000
42.564107 30.469064 0.000000 0.000000 0.000000 -0.921191 1.100000 1.100000
42.798202 30.164122 0.000000 0.000000 0.000000 -0.911965 1.100000 1.100000
43.034278 29.861793 0.000000 0.000000 0.000000 -0.904476 1.100000 1.100000
43.271960 29.561593 0.000000 0.000000 0.000000 -0.898514 1.100000 1.100000
43.510871 29.263039 0.000000 0.000000 0.000000 -0.894094 1.100000 1.100000
43.750637 28.965647 0.000000 0.000000 0.000000 -0.891225 1.100000 1.100000
43.990881 28.668933 0.000000 0.000000 0.000000 -0.889915 1.100000 1.100000
44.231228 28.372413 0.000000 0.000000 0.000000 -0.890166 1.100000 1.100000
44.471302 28.075604 0.000000 0.000000 0.000000 -0.891935 1.100000 1.100000
44.710743 27.778056 0.000000 0.000000 0.000000 -0.894860 1.100000 1.100000
44.949305 27.479562 0.000000 0.000000 0.000000 -0.898493 1.100000 1.100000
45.186786 27.180019 0.000000 0.000000 0.000000 -0.902700 1.100000 1.100000
45.422990 26.879322 0.000000 0.000000 0.000000 -0.907483 1.100000 1.100000
45.657715 26.577368 0.000000 0.000000 0.000000 -0.912840 1.100000 1.100000
45.890763 26.274054 0.000000 0.000000 0.000000 -0.918774 1.100000 1.100000
46.121934 25.969274 0.000000 0.000000 0.000000 -0.925286 1.100000 1.100000
46.351030 25.662927 0.000000 0.000000 0.000000 -0.932371 1.100000 1.100000
46.577854 25.354910 0.000000 0.000000 0.000000 -0.939817 1.100000 1.100000
46.802341 25.045214 0.000000 0.000000 0.000000 -0.947165 1.100000 1.100000
47.024584 24.733938 0.000000 0.000000 0.000000 -0.954146 1.100000 1.100000
47.244688 24.421191 0.000000 0.000000 0.000000 -0.960746 1.100000 1.100000
47.462755 24.107079 0.000000 0.000000 0.000000 -0.966966 1.100000 1.100000
47.678888 23.791710 0.000000 0.000000 0.000000 -0.972805 1.100000 1.100000
47.893192 23.475191 0.000000 0.000000 0.000000 -0.978266 1.100000 1.100000
48.105768 23.157629 0.000000 0.000000 0.000000 -0.983348 1.100000 1.100000
48.316722 22.839132 0.000000 0.000000 0.000000 -0.988064 1.100000 1.100000
48.526151 22.519797 0.000000 0.000000 0.000000 -0.992571 1.100000 1.100000
48.734107 22.199593 0.000000 0.000000 0.000000 -0.997122 1.100000 1.100000
48.940604 21.878393 0.000000 0.000000 0.000000 -1.001821 1.100000 1.100000
49.145654 21.556072 0.000000 0.000000 0.000000 -1.006666 1.100000 1.100000
49.349271 21.232501 0.000000 0.000000 0.000000 -1.011652 1.100000 1.100000
49.551469 20.907554 0.000000 0.000000 0.000000 -1.016774 1.100000 1.100000
49.752262 20.581102 0.000000 0.000000 0.000000 -1.022026 1.100000 1.100000
49.951661 20.253020 0.000000 0.000000 0.000000 -1.027502 1.100000 1.100000
50.149605 19.923157 0.000000 0.000000 0.000000 -1.048180 1.100000 1.100000
50.334621 19.588206 0.000000 0.000000 0.000000 -1.130981 1.100000 1.100000
50.471834 19.238372 0.000000 0.000000 0.000000 -1.308574 1.100000 1.100000
50.528477 18.865950 0.000000 0.000000 0.000000 -1.526909 1.100000 1.100000
50.505030 18.482483 0.000000 0.000000 0.000000 -1.721375 1.100000 1.100000
50.413433 18.107720 0.000000 0.000000 0.000000 -1.909855 1.100000 1.100000
50.251489 17.763583 0.000000 0.000000 0.000000 -2.134702 1.100000 1.100000
50.011841 17.472695 0.000000 0.000000 0.000000 -2.390505 1.100000 1.100000
49.704229 17.252645 0.000000 0.000000 0.000000 -2.640974 1.100000 1.100000
49.357566 17.114737 0.000000 0.000000 0.000000 -2.870788 1.100000 1.100000
48.990944 17.054619 0.000000 0.000000 0.000000 -3.055792 1.100000 1.100000
48.611103 17.050533 0.000000 0.000000 0.000000 3.108789 1.100000 1.100000
48.224116 17.079783 0.000000 0.000000 0.000000 3.052620 1.100000 1.100000
47.836057 17.119674 0.000000 0.000000 0.000000 3.047997 1.100000 1.100000
47.451540 17.152305 0.000000 0.000000 0.000000 3.068155 1.100000 1.100000
47.070235 17.176015 0.000000 0.000000 0.000000 3.088703 1.100000 1.100000
46.690769 17.192579 0.000000 0.000000 0.000000 3.105015 1.100000 1.100000
46.311767 17.203771 0.000000 0.000000 0.000000 3.115332 1.100000 1.100000
45.932122 17.212507 0.000000 0.000000 0.000000 3.112932 1.100000 1.100000
45.551624 17.225563 0.000000 0.000000 0.000000 3.091737 1.100000 1.100000
45.170253 17.250522 0.000000 0.000000 0.000000 3.050951 1.100000 1.100000
44.787987 17.294970 0.000000 0.000000 0.000000 2.991136 1.100000 1.100000
44.405472 17.366465 0.000000 0.000000 0.000000 2.911456 1.100000 1.100000
44.031287 17.472255 0.000000 0.000000 0.000000 2.806465 1.100000 1.100000
43.679230 17.619388 0.000000 0.000000 0.000000 2.667697 1.100000 1.100000
43.363190 17.814906 0.000000 0.000000 0.000000 2.487523 1.100000 1.100000
43.096968 18.065777 0.000000 0.000000 0.000000 2.280563 1.100000 1.100000
42.885241 18.371229 0.000000 0.000000 0.000000 2.100963 1.100000 1.100000
42.715763 18.716141 0.000000 0.000000 0.000000 1.982057 1.100000 1.100000
42.574453 19.083833 0.000000 0.000000 0.000000 1.918264 1.100000 1.100000
42.447227 19.457624 0.000000 0.000000 0.000000 1.900700 1.100000 1.100000
42.321322 19.823079 0.000000 0.000000 0.000000 1.911097 1.100000 1.100000
42.191783 20.179062 0.000000 0.000000 0.000000 1.929526 1.100000 1.100000
42.056518 20.529312 0.000000 0.000000 0.000000 1.949993 1.100000 1.100000
41.913438 20.877576 0.000000 0.000000 0.000000 1.972580 1.100000 1.100000
41.760263 21.226551 0.000000 0.000000 0.000000 2.002047 1.100000 1.100000
41.593569 21.572739 0.000000 0.000000 0.000000 2.044715 1.100000 1.100000
41.409518 21.910389 0.000000 0.000000 0.000000 2.103051 1.100000 1.100000
41.204271 22.233744 0.000000 0.000000 0.000000 2.177735 1.100000 1.100000
40.974214 22.537292 0.000000 0.000000 0.000000 2.258099 1.100000 1.100000
40.721581 22.821808 0.000000 0.000000 0.000000 2.320896 1.100000 1.100000
40.454801 23.094733 0.000000 0.000000 0.000000 2.353374 1.100000 1.100000
40.182604 23.363833 0.000000 0.000000 0.000000 2.355217 1.100000 1.100000
39.913720 23.636872 0.000000 0.000000 0.000000 2.332230 1.100000 1.100000
39.653741 23.918671 0.000000 0.000000 0.000000 2.307742 1.100000 1.100000
39.398358 24.204763 0.000000 0.000000 0.000000 2.302905 1.100000 1.100000
39.141309 24.488850 0.000000 0.000000 0.000000 2.321221 1.100000 1.100000
38.876336 24.764637 0.000000 0.000000 0.000000 2.362596 1.100000 1.100000
38.597441 25.025799 0.000000 0.000000 0.000000 2.424627 1.100000 1.100000
38.301520 25.265712 0.000000 0.000000 0.000000 2.504276 1.100000 1.100000
37.987263 25.477563 0.000000 0.000000 0.000000 2.601234 1.100000 1.100000
37.653388 25.654537 0.000000 0.000000 0.000000 2.714536 1.100000 1.100000
37.299052 25.790743 0.000000 0.000000 0.000000 2.827285 1.100000 1.100000
36.928193 25.890286 0.000000 0.000000 0.000000 2.915733 1.100000 1.100000
36.547677 25.963394 0.000000 0.000000 0.000000 2.972881 1.100000 1.100000
36.164409 26.020382 0.000000 0.000000 0.000000 3.000743 1.100000 1.100000
35.785243 26.071498 0.000000 0.000000 0.000000 3.008329 1.100000 1.100000
35.412473 26.121186 0.000000 0.000000 0.000000 3.018384 1.100000 1.100000
35.040417 26.163734 0.000000 0.000000 0.000000 3.046896 1.100000 1.100000
34.662590 26.192410 0.000000 0.000000 0.000000 3.093779 1.100000 1.100000
34.272506 26.200479 0.000000 0.000000 0.000000 -3.119689 1.100000 1.100000
33.872096 26.175093 0.000000 0.000000 0.000000 -2.971373 1.100000 1.100000
33.510064 26.069428 0.000000 0.000000 0.000000 -2.633421 1.100000 1.100000
33.249508 25.828336 0.000000 0.000000 0.000000 -2.154767 1.100000 1.100000
33.114864 25.471418 0.000000 0.000000 0.000000 -1.779793 1.100000 1.100000
33.092655 25.088791 0.000000 0.000000 0.000000 -1.507389 1.100000 1.100000
33.162293 24.724431 0.000000 0.000000 0.000000 -1.290950 1.100000 1.100000
33.297828 24.374867 0.000000 0.000000 0.000000 -1.147435 1.100000 1.100000
33.473095 24.034693 0.000000 0.000000 0.000000 -1.076192 1.100000 1.100000
33.662534 23.698629 0.000000 0.000000 0.000000 -1.054987 1.100000 1.100000
33.853391 23.363991 0.000000 0.000000 0.000000 -1.050724 1.100000 1.100000
34.045104 23.030569 0.000000 0.000000 0.000000 -1.047370 1.100000 1.100000
34.237600 22.698255 0.000000 0.000000 0.000000 -1.044321 1.100000 1.100000
34.430802 22.366938 0.000000 0.000000 0.000000 -1.041577 1.100000 1.100000
34.624635 22.036508 0.000000 0.000000 0.000000 -1.039143 1.100000 1.100000
34.819023 21.706855 0.000000 0.000000 0.000000 -1.037020 1.100000 1.100000
35.013892 21.377868 0.000000 0.000000 0.000000 -1.035209 1.100000 1.100000
35.209165 21.049438 0.000000 0.000000 0.000000 -1.033713 1.100000 1.100000
35.404768 20.721454 0.000000 0.000000 0.000000 -1.032532 1.100000 1.100000
35.600625 20.393807 0.000000 0.000000 0.000000 -1.031668 1.100000 1.100000
35.796660 20.066386 0.000000 0.000000 0.000000 -1.031121 1.100000 1.100000
35.992798 19.739081 0.000000 0.000000 0.000000 -1.030892 1.100000 1.100000
36.188964 19.411782 0.000000 0.000000 0.000000 -1.030981 1.100000 1.100000
36.385082 19.084378 0.000000 0.000000 0.000000 -1.031387 1.100000 1.100000
36.581077 18.756761 0.000000 0.000000 0.000000 -1.032111 1.100000 1.100000
36.776873 18.428819 0.000000 0.000000 0.000000 -1.033148 1.100000 1.100000
36.972397 18.100444 0.000000 0.000000 0.000000 -1.034316 1.100000 1.100000
37.167673 17.771631 0.000000 0.000000 0.000000 -1.035153 1.100000 1.100000
37.362880 17.442538 0.000000 0.000000 0.000000 -1.035352 1.100000 1.100000
37.558209 17.113337 0.000000 0.000000 0.000000 -1.034889 1.100000 1.100000
37.753854 16.784199 0.000000 0.000000 0.000000 -1.033765 1.100000 1.100000
37.950007 16.455297 0.000000 0.000000 0.000000 -1.031979 1.100000 1.100000
38.146861 16.126803 0.000000 0.000000 0.000000 -1.029531 1.100000 1.100000
38.344607 15.798889 0.000000 0.000000 0.000000 -1.026421 1.100000 1.100000
38.543440 15.471726 0.000000 0.000000 0.000000 -1.022727 1.100000 1.100000
38.743496 15.145457 0.000000 0.000000 0.000000 -1.020143 1.100000 1.100000
38.943847 14.819602 0.000000 0.000000 0.000000 -1.021776 1.100000 1.100000
39.142574 14.493111 0.000000 0.000000 0.000000 -1.029184 1.100000 1.100000
39.337724 14.164911 0.000000 0.000000 0.000000 -1.042443 1.100000 1.100000
39.527343 13.833931 0.000000 0.000000 0.000000 -1.061571 1.100000 1.100000
39.709476 13.499098 0.000000 0.000000 0.000000 -1.086575 1.100000 1.100000
39.882169 13.159340 0.000000 0.000000 0.000000 -1.117428 1.100000 1.100000
40.043468 12.813586 0.000000 0.000000 0.000000 -1.154041 1.100000 1.100000
40.191419 12.460763 0.000000 0.000000 0.000000 -1.196840 1.100000 1.100000
40.323356 12.100355 0.000000 0.000000 0.000000 -1.248041 1.100000 1.100000
40.434711 11.733324 0.000000 0.000000 0.000000 -1.310130 1.100000 1.100000
40.520598 11.360884 0.000000 0.000000 0.000000 -1.384197 1.100000 1.100000
40.576134 10.984246 0.000000 0.000000 0.000000 -1.470017 1.100000 1.100000
40.597069 10.604658 0.000000 0.000000 0.000000 -1.559241 1.100000 1.100000
40.584923 10.223703 0.000000 0.000000 0.000000 -1.640006 1.100000 1.100000
40.544281 9.843144 0.000000 0.000000 0.000000 -1.708485 1.100000 1.100000
40.479757 9.464744 0.000000 0.000000 0.000000 -1.765309 1.100000 1.100000
40.395958 9.090249 0.000000 0.000000 0.000000 -1.811480 1.100000 1.100000
40.297063 8.720393 0.000000 0.000000 0.000000 -1.847973 1.100000 1.100000
40.186603 8.354376 0.000000 0.000000 0.000000 -1.875128 1.100000 1.100000
40.068053 7.991269 0.000000 0.000000 0.000000 -1.892918 1.100000 1.100000
39.944892 7.630141 0.000000 0.000000 0.000000 -1.902331 1.100000 1.100000
39.819833 7.270203 0.000000 0.000000 0.000000 -1.909106 1.100000 1.100000
39.691983 6.911315 0.000000 0.000000 0.000000 -1.919379 1.100000 1.100000
39.559379 6.553533 0.000000 0.000000 0.000000 -1.934494 1.100000 1.100000
39.420060 6.196912 0.000000 0.000000 0.000000 -1.955073 1.100000 1.100000
39.271709 5.842148 0.000000 0.000000 0.000000 -1.985273 1.100000 1.100000
39.110349 5.492965 0.000000 0.000000 0.000000 -2.029915 1.100000 1.100000
38.931510 5.153976 0.000000 0.000000 0.000000 -2.090702 1.100000 1.100000
38.730724 4.829793 0.000000 0.000000 0.000000 -2.168027 1.100000 1.100000
38.503718 4.524943 0.000000 0.000000 0.000000 -2.256838 1.100000 1.100000
38.249808 4.242380 0.000000 0.000000 0.000000 -2.347786 1.100000 1.100000
37.971471 3.983670 0.000000 0.000000 0.000000 -2.436787 1.100000 1.100000
37.671290 3.750330 0.000000 0.000000 0.000000 -2.524330 1.100000 1.100000
37.351853 3.543875 0.000000 0.000000 0.000000 -2.608121 1.100000 1.100000
37.016300 3.363500 0.000000 0.000000 0.000000 -2.677967 1.100000 1.100000
36.669177 3.202555 0.000000 0.000000 0.000000 -2.725232 1.100000 1.100000
36.315248 3.053485 0.000000 0.000000 0.000000 -2.749164 1.100000 1.100000
35.959278 2.908730 0.000000 0.000000 0.000000 -2.750924 1.100000 1.100000
35.605655 2.761248 0.000000 0.000000 0.000000 -2.738108 1.100000 1.100000
35.255622 2.608335 0.000000 0.000000 0.000000 -2.720881 1.100000 1.100000
34.908833 2.449471 0.000000 0.000000 0.000000 -2.702757 1.100000 1.100000
34.564932 2.284153 0.000000 0.000000 0.000000 -2.684348 1.100000 1.100000
34.223456 2.112250 0.000000 0.000000 0.000000 -2.670406 1.100000 1.100000
33.883054 1.936764 0.000000 0.000000 0.000000 -2.667174 1.100000 1.100000
33.541931 1.762262 0.000000 0.000000 0.000000 -2.676713 1.100000 1.100000
33.198287 1.593325 0.000000 0.000000 0.000000 -2.699071 1.100000 1.100000
32.850335 1.434540 0.000000 0.000000 0.000000 -2.734422 1.100000 1.100000
32.496862 1.290820 0.000000 0.000000 0.000000 -2.783232 1.100000 1.100000
32.137482 1.167553 0.000000 0.000000 0.000000 -2.846140 1.100000 1.100000
31.771872 1.070162 0.000000 0.000000 0.000000 -2.923523 1.100000 1.100000
31.399709 1.004067 0.000000 0.000000 0.000000 -3.012313 1.100000 1.100000
31.021058 0.972552 0.000000 0.000000 0.000000 -3.096152 1.100000 1.100000
30.637711 0.969418 0.000000 0.000000 0.000000 3.124314 1.100000 1.100000
30.251936 0.985843 0.000000 0.000000 0.000000 3.085173 1.100000 1.100000
29.866000 1.013004 0.000000 0.000000 0.000000 3.068052 1.100000 1.100000
29.482105 1.042559 0.000000 0.000000 0.000000 3.061608 1.100000 1.100000
29.101305 1.074299 0.000000 0.000000 0.000000 3.046600 1.100000 1.100000
28.723696 1.114820 0.000000 0.000000 0.000000 3.013790 1.100000 1.100000
28.349345 1.170928 0.000000 0.000000 0.000000 2.963495 1.100000 1.100000
27.978290 1.248997 0.000000 0.000000 0.000000 2.906303 1.100000 1.100000
27.610061 1.348157 0.000000 0.000000 0.000000 2.859924 1.100000 1.100000
27.243770 1.461539 0.000000 0.000000 0.000000 2.832090 1.100000 1.100000
26.878515 1.582090 0.000000 0.000000 0.000000 2.822588 1.100000 1.100000
26.513399 1.702770 0.000000 0.000000 0.000000 2.826729 1.100000 1.100000
26.148254 1.819935 0.000000 0.000000 0.000000 2.829231 1.100000 1.100000
25.784671 1.938101 0.000000 0.000000 0.000000 2.817614 1.100000 1.100000
25.424500 2.062980 0.000000 0.000000 0.000000 2.790162 1.100000 1.100000
25.069590 2.200286 0.000000 0.000000 0.000000 2.747507 1.100000 1.100000
24.721719 2.355223 0.000000 0.000000 0.000000 2.695672 1.100000 1.100000
24.382087 2.528935 0.000000 0.000000 0.000000 2.642374 1.100000 1.100000
24.051622 2.720619 0.000000 0.000000 0.000000 2.589928 1.100000 1.100000
23.731248 2.929461 0.000000 0.000000 0.000000 2.538138 1.100000 1.100000
23.421888 3.154645 0.000000 0.000000 0.000000 2.486787 1.100000 1.100000
23.124467 3.395356 0.000000 0.000000 0.000000 2.435649 1.100000 1.100000
22.839910 3.650781 0.000000 0.000000 0.000000 2.384499 1.100000 1.100000
22.569141 3.920104 0.000000 0.000000 0.000000 2.333153 1.100000 1.100000
22.313050 4.202497 0.000000 0.000000 0.000000 2.283361 1.100000 1.100000
22.071069 4.496578 0.000000 0.000000 0.000000 2.239623 1.100000 1.100000
21.840650 4.800209 0.000000 0.000000 0.000000 2.204854 1.100000 1.100000
21.619106 5.111202 0.000000 0.000000 0.000000 2.179265 1.100000 1.100000
21.403748 5.427365 0.000000 0.000000 0.000000 2.162799 1.100000 1.100000
21.191887 5.746510 0.000000 0.000000 0.000000 2.155389 1.100000 1.100000
20.980836 6.066444 0.000000 0.000000 0.000000 2.156990 1.100000 1.100000
20.767906 6.384980 0.000000 0.000000 0.000000 2.167604 1.100000 1.100000
20.550410 6.699926 0.000000 0.000000 0.000000 2.186966 1.100000 1.100000
20.325841 7.009241 0.000000 0.000000 0.000000 2.209991 1.100000 1.100000
20.094562 7.313208 0.000000 0.000000 0.000000 2.228005 1.100000 1.100000
19.859215 7.613960 0.000000 0.000000 0.000000 2.237033 1.100000 1.100000
19.622504 7.913679 0.000000 0.000000 0.000000 2.236969 1.100000 1.100000
19.387129 8.214544 0.000000 0.000000 0.000000 2.229546 1.100000 1.100000
19.154767 8.517909 0.000000 0.000000 0.000000 2.220446 1.100000 1.100000
18.924745 8.823223 0.000000 0.000000 0.000000 2.214172 1.100000 1.100000
18.696062 9.129674 0.000000 0.000000 0.000000 2.211270 1.100000 1.100000
18.467720 9.436449 0.000000 0.000000 0.000000 2.211298 1.100000 1.100000
18.238977 9.742944 0.000000 0.000000 0.000000 2.212823 1.100000 1.100000
18.009689 10.049036 0.000000 0.000000 0.000000 2.214711 1.100000 1.100000
17.779790 10.354666 0.000000 0.000000 0.000000 2.216824 1.100000 1.100000
17.549217 10.659778 0.000000 0.000000 0.000000 2.219161 1.100000 1.100000
17.317905 10.964312 0.000000 0.000000 0.000000 2.221722 1.100000 1.100000
17.085792 11.268213 0.000000 0.000000 0.000000 2.224509 1.100000 1.100000
16.852812 11.571420 0.000000 0.000000 0.000000 2.227521 1.100000 1.100000
16.618903 11.873878 0.000000 0.000000 0.000000 2.230757 1.100000 1.100000
16.383999 12.175528 0.000000 0.000000 0.000000 2.234220 1.100000 1.100000
16.148037 12.476313 0.000000 0.000000 0.000000 2.237907 1.100000 1.100000
15.910953 12.776174 0.000000 0.000000 0.000000 2.241820 1.100000 1.100000
15.672683 13.075054 0.000000 0.000000 0.000000 2.245959 1.100000 1.100000
15.433163 13.372895 0.000000 0.000000 0.000000 2.250324 1.100000 1.100000
15.192329 13.669640 0.000000 0.000000 0.000000 2.254914 1.100000 1.100000
14.950117 13.965230 0.000000 0.000000 0.000000 2.259730 1.100000 1.100000
14.706463 14.259609 0.000000 0.000000 0.000000 2.264772 1.100000 1.100000
14.461303 14.552717 0.000000 0.000000 0.000000 2.270595 1.100000 1.100000
14.214240 14.844235 0.000000 0.000000 0.000000 2.279972 1.100000 1.100000
13.963543 15.132793 0.000000 0.000000 0.000000 2.295665 1.100000 1.100000
13.707148 15.416756 0.000000 0.000000 0.000000 2.318193 1.100000 1.100000
13.442992 15.694491 0.000000 0.000000 0.000000 2.348557 1.100000 1.100000
13.168661 15.963532 0.000000 0.000000 0.000000 2.404112 1.100000 1.100000
12.876570 16.209074 0.000000 0.000000 0.000000 2.515739 1.100000 1.100000
12.555214 16.406922 0.000000 0.000000 0.000000 2.681774 1.100000 1.100000
12.200888 16.543687 0.000000 0.000000 0.000000 2.843899 1.100000 1.100000
11.827251 16.630269 0.000000 0.000000 0.000000 2.966144 1.100000 1.100000
11.446631 16.677395 0.000000 0.000000 0.000000 3.065713 1.100000 1.100000
11.063372 16.688343 0.000000 0.000000 0.000000 -3.125936 1.100000 1.100000
10.680762 16.665404 0.000000 0.000000 0.000000 -3.040170 1.100000 1.100000
10.302088 16.610866 0.000000 0.000000 0.000000 -2.959643 1.100000 1.100000
9.930226 16.527317 0.000000 0.000000 0.000000 -2.887473 1.100000 1.100000
9.565104 16.419446 0.000000 0.000000 0.000000 -2.828755 1.100000 1.100000
9.205375 16.292857 0.000000 0.000000 0.000000 -2.785271 1.100000 1.100000
8.849685 16.153160 0.000000 0.000000 0.000000 -2.756859 1.100000 1.100000
8.496691 16.005903 0.000000 0.000000 0.000000 -2.740492 1.100000 1.100000
8.145509 15.854525 0.000000 0.000000 0.000000 -2.729835 1.100000 1.100000
7.795826 15.699819 0.000000 0.000000 0.000000 -2.721180 1.100000 1.100000
7.447366 15.542408 0.000000 0.000000 0.000000 -2.714310 1.100000 1.100000
7.099851 15.382917 0.000000 0.000000 0.000000 -2.709224 1.100000 1.100000
6.753006 15.221968 0.000000 0.000000 0.000000 -2.705923 1.100000 1.100000
6.406555 15.060186 0.000000 0.000000 0.000000 -2.704406 1.100000 1.100000
6.060219 14.898195 0.000000 0.000000 0.000000 -2.704674 1.100000 1.100000
5.713724 14.736619 0.000000 0.000000 0.000000 -2.706682 1.100000 1.100000
5.366806 14.576051 0.000000 0.000000 0.000000 -2.709760 1.100000 1.100000
5.019391 14.416642 0.000000 0.000000 0.000000 -2.712822 1.100000 1.100000
4.671545 14.258224 0.000000 0.000000 0.000000 -2.715398 1.100000 1.100000
4.323337 14.100618 0.000000 0.000000 0.000000 -2.717477 1.100000 1.100000
3.974836 13.943647 0.000000 0.000000 0.000000 -2.719059 1.100000 1.100000
3.626109 13.787134 0.000000 0.000000 0.000000 -2.720143 1.100000 1.100000
3.277226 13.630900 0.000000 0.000000 0.000000 -2.720730 1.100000 1.100000
2.928255 13.474769 0.000000 0.000000 0.000000 -2.720820 1.100000 1.100000
2.579265 13.318563 0.000000 0.000000 0.000000 -2.720491 1.100000 1.100000
2.230306 13.162161 0.000000 0.000000 0.000000 -2.719980 1.100000 1.100000
1.881389 13.005560 0.000000 0.000000 0.000000 -2.719471 1.100000 1.100000
1.532519 12.848771 0.000000 0.000000 0.000000 -2.718983 1.100000 1.100000
1.183701 12.691806 0.000000 0.000000 0.000000 -2.718516 1.100000 1.100000
0.834942 12.534675 0.000000 0.000000 0.000000 -2.718071 1.100000 1.100000
0.486247 12.377391 0.000000 0.000000 0.000000 -2.717647 1.100000 1.100000
0.137621 12.219965 0.000000 0.000000 0.000000 -2.717244 1.100000 1.100000
-0.210929 12.062408 0.000000 0.000000 0.000000 -2.716862 1.100000 1.100000
-0.559398 11.904732 0.000000 0.000000 0.000000 -2.716502 1.100000 1.100000
-0.907781 11.746948 0.000000 0.000000 0.000000 -2.716162 1.100000 1.100000
-1.256071 11.589068 0.000000 0.000000 0.000000 -2.715844 1.100000 1.100000
-1.604263 11.431103 0.000000 0.000000 0.000000 -2.715546 1.100000 1.100000
-1.952352 11.273065 0.000000 0.000000 0.000000 -2.715270 1.100000 1.100000
-2.300331 11.114964 0.000000 0.000000 0.000000 -2.715015 1.100000 1.100000
-2.648196 10.956814 0.000000 0.000000 0.000000 -2.714781 1.100000 1.100000
-2.995940 10.798624 0.000000 0.000000 0.000000 -2.714568 1.100000 1.100000
-3.343558 10.640407 0.000000 0.000000 0.000000 -2.714430 1.100000 1.100000
-3.691080 10.482203 0.000000 0.000000 0.000000 -2.714618 1.100000 1.100000
-4.038667 10.324157 0.000000 0.000000 0.000000 -2.715375 1.100000 1.100000
-4.386511 10.166441 0.000000 0.000000 0.000000 -2.716744 1.100000 1.100000
-4.734803 10.009225 0.000000 0.000000 0.000000 -2.718725 1.100000 1.100000
-5.083736 9.852678 0.000000 0.000000 0.000000 -2.721313 1.100000 1.100000
-5.433499 9.696972 0.000000 0.000000 0.000000 -2.724506 1.100000 1.100000
-5.784285 9.542277 0.000000 0.000000 0.000000 -2.728299 1.100000 1.100000
-6.136286 9.388763 0.000000 0.000000 0.000000 -2.732645 1.100000 1.100000
-6.489672 9.236575 0.000000 0.000000 0.000000 -2.731805 1.100000 1.100000
-6.841801 9.082303 0.000000 0.000000 0.000000 -2.708386 1.100000 1.100000
-7.184304 8.915303 0.000000 0.000000 0.000000 -2.648286 1.100000 1.100000
-7.508123 8.724059 0.000000 0.000000 0.000000 -2.548039 1.100000 1.100000
-7.804197 8.497053 0.000000 0.000000 0.000000 -2.411878 1.100000 1.100000
-8.065745 8.225320 0.000000 0.000000 0.000000 -2.278696 1.100000 1.100000
-8.300951 7.916653 0.000000 0.000000 0.000000 -2.182067 1.100000 1.100000
-8.515084 7.584151 0.000000 0.000000 0.000000 -2.047612 1.100000 1.100000
-8.654912 7.231440 0.000000 0.000000 0.000000 -1.756330 1.100000 1.100000
-8.649843 6.866170 0.000000 0.000000 0.000000 -1.316515 1.100000 1.100000
-8.475645 6.541708 0.000000 0.000000 0.000000 -0.923807 1.100000 1.100000
-8.201379 6.272544 0.000000 0.000000 0.000000 -0.721648 1.100000 1.100000
-7.900063 6.035202 0.000000 0.000000 0.000000 -0.652583 1.100000 1.100000
-7.592222 5.806972 0.000000 0.000000 0.000000 -0.642641 1.100000 1.100000
-7.286951 5.576191 0.000000 0.000000 0.000000 -0.651270 1.100000 1.100000
-6.983797 5.343224 0.000000 0.000000 0.000000 -0.657419 1.100000 1.100000
-6.681827 5.109049 0.000000 0.000000 0.000000 -0.660053 1.100000 1.100000
-6.380104 4.874643 0.000000 0.000000 0.000000 -0.659556 1.100000 1.100000
-6.077899 4.640767 0.000000 0.000000 0.000000 -0.657584 1.100000 1.100000
-5.775155 4.407478 0.000000 0.000000 0.000000 -0.655666 1.100000 1.100000
-5.471955 4.174685 0.000000 0.000000 0.000000 -0.654063 1.100000 1.100000
-5.168379 3.942302 0.000000 0.000000 0.000000 -0.652773 1.100000 1.100000
-4.864509 3.710239 0.000000 0.000000 0.000000 -0.651795 1.100000 1.100000
-4.560425 3.478407 0.000000 0.000000 0.000000 -0.651131 1.100000 1.100000
-4.256209 3.246720 0.000000 0.000000 0.000000 -0.650780 1.100000 1.100000
-3.951942 3.015087 0.000000 0.000000 0.000000 -0.650733 1.100000 1.100000
-3.647701 2.783425 0.000000 0.000000 0.000000 -0.650888 1.100000 1.100000
-3.343515 2.551705 0.000000 0.000000 0.000000 -0.651091 1.100000 1.100000
-3.039379 2.319928 0.000000 0.000000 0.000000 -0.651280 1.100000 1.100000
-2.735290 2.088100 0.000000 0.000000 0.000000 -0.651455 1.100000 1.100000
-2.431245 1.856224 0.000000 0.000000 0.000000 -0.651615 1.100000 1.100000
-2.127239 1.624305 0.000000 0.000000 0.000000 -0.651762 1.100000 1.100000
-1.823269 1.392347 0.000000 0.000000 0.000000 -0.651893 1.100000 1.100000
-1.519332 1.160353 0.000000 0.000000 0.000000 -0.652010 1.100000 1.100000
-1.215423 0.928328 0.000000 0.000000 0.000000 -0.652113 1.100000 1.100000
-0.911539 0.696276 0.000000 0.000000 0.000000 -0.652202 1.100000 1.100000
-0.607677 0.464202 0.000000 0.000000 0.000000 -0.652276 1.100000 1.100000
-0.303831 0.232108 0.000000 0.000000 0.000000 -0.652335 1.100000 1.100000
