# x y z roll pitch yaw d_left d_right
-10.216547 10.802809 0.000000 0.000000 0.000000 -1.580209 1.666267 1.437555
-10.214206 10.313135 0.000000 0.000000 0.000000 -1.566799 1.562004 1.576823
-10.212354 9.753887 0.000000 0.000000 0.000000 -1.567822 1.522242 1.694216
-10.210697 9.133561 0.000000 0.000000 0.000000 -1.568155 1.516293 1.782623
-10.208939 8.460654 0.000000 0.000000 0.000000 -1.567982 1.536168 1.839906
-10.206785 7.743665 0.000000 0.000000 0.000000 -1.567394 1.591818 1.868306
-10.203939 6.991089 0.000000 0.000000 0.000000 -1.566439 1.670404 1.872338
-10.200107 6.211425 0.000000 0.000000 0.000000 -1.565127 1.759747 1.857774
-10.194994 5.413168 0.000000 0.000000 0.000000 -1.563449 1.847999 1.831136
-10.188303 4.604818 0.000000 0.000000 0.000000 -1.561371 1.871571 1.799406
-10.179740 3.794870 0.000000 0.000000 0.000000 -1.558836 1.864713 1.769871
-10.169010 2.991822 0.000000 0.000000 0.000000 -1.555863 1.833424 1.749995
-10.155973 2.203430 0.000000 0.000000 0.000000 -1.553487 1.773477 1.747060
-10.141980 1.430400 0.000000 0.000000 0.000000 -1.553345 1.652513 1.765498
-10.129202 0.669530 0.000000 0.000000 0.000000 -1.556152 1.526199 1.806046
-10.119824 -0.082421 0.000000 0.000000 0.000000 -1.562003 1.399867 1.826119
-10.116028 -0.828696 0.000000 0.000000 0.000000 -1.570911 1.279151 1.876727
-10.119995 -1.572537 0.000000 0.000000 0.000000 -1.582809 1.169878 1.947755
-10.133909 -2.317186 0.000000 0.000000 0.000000 -1.597546 1.077913 2.028255
-10.159951 -3.065886 0.000000 0.000000 0.000000 -1.614894 1.008925 2.107651
-10.200305 -3.821878 0.000000 0.000000 0.000000 -1.634552 0.968113 2.175477
-10.257152 -4.588404 0.000000 0.000000 0.000000 -1.656164 0.960280 2.221230
-10.332675 -5.368707 0.000000 0.000000 0.000000 -1.679306 0.991190 2.234326
-10.429010 -6.165989 0.000000 0.000000 0.000000 -1.700591 1.067714 2.204335
-10.542833 -6.978760 0.000000 0.000000 0.000000 -1.711723 1.190840 2.130824
-10.660328 -7.796516 0.000000 0.000000 0.000000 -1.707242 1.332071 2.028388
-10.766487 -8.607728 0.000000 0.000000 0.000000 -1.686202 1.508010 1.913387
-10.846305 -9.400867 0.000000 0.000000 0.000000 -1.646637 1.706574 1.803302
-10.884774 -10.164404 0.000000 0.000000 0.000000 -1.584647 1.898419 1.717719
-10.866887 -10.886811 0.000000 0.000000 0.000000 -1.493990 2.062764 1.679172
-10.777638 -11.556560 0.000000 0.000000 0.000000 -1.366018 2.200181 1.706049
-10.602018 -12.162123 0.000000 0.000000 0.000000 -1.191469 2.343904 1.782224
-10.325025 -12.691971 0.000000 0.000000 0.000000 -0.973022 2.380879 1.661466
-9.937487 -13.138121 0.000000 0.000000 0.000000 -0.747118 2.426909 1.375466
-9.448598 -13.503742 0.000000 0.000000 0.000000 -0.551567 2.378564 1.131901
-8.871157 -13.794194 0.000000 0.000000 0.000000 -0.393634 2.351002 0.956398
-8.217963 -14.014836 0.000000 0.000000 0.000000 -0.268544 2.307334 0.850445
-7.501815 -14.171026 0.000000 0.000000 0.000000 -0.169223 2.268019 0.800552
-6.735512 -14.268124 0.000000 0.000000 0.000000 -0.089231 2.199251 0.794891
-5.931853 -14.311488 0.000000 0.000000 0.000000 -0.023498 2.111899 0.823660
-5.103636 -14.306477 0.000000 0.000000 0.000000 0.031782 2.017001 0.878233
-4.263661 -14.258451 0.000000 0.000000 0.000000 0.079473 1.924104 0.950213
-3.424727 -14.172768 0.000000 0.000000 0.000000 0.122048 1.840173 1.031213
-2.597921 -14.054136 0.000000 0.000000 0.000000 0.162481 1.768204 1.114321
-1.786234 -13.904176 0.000000 0.000000 0.000000 0.202776 1.706440 1.198217
-0.990266 -13.723599 0.000000 0.000000 0.000000 0.243279 1.652365 1.283207
-0.210614 -13.513115 0.000000 0.000000 0.000000 0.283973 1.603803 1.369430
0.552120 -13.273436 0.000000 0.000000 0.000000 0.324846 1.558956 1.456695
1.297340 -13.005272 0.000000 0.000000 0.000000 0.365886 1.516409 1.543158
2.024445 -12.709333 0.000000 0.000000 0.000000 0.407084 1.475113 1.618520
2.732836 -12.386331 0.000000 0.000000 0.000000 0.448434 1.434361 1.690415
3.421915 -12.036975 0.000000 0.000000 0.000000 0.489932 1.393746 1.758778
4.091082 -11.661977 0.000000 0.000000 0.000000 0.531576 1.353126 1.823790
4.739739 -11.262046 0.000000 0.000000 0.000000 0.573367 1.312593 1.885624
5.367286 -10.837895 0.000000 0.000000 0.000000 0.615306 1.272437 1.944449
5.973125 -10.390232 0.000000 0.000000 0.000000 0.657397 1.233123 2.000427
6.556656 -9.919770 0.000000 0.000000 0.000000 0.699645 1.195266 2.053712
7.117280 -9.427218 0.000000 0.000000 0.000000 0.742055 1.159617 2.104449
7.654399 -8.913287 0.000000 0.000000 0.000000 0.784634 1.127037 2.152772
8.167413 -8.378688 0.000000 0.000000 0.000000 0.827388 1.098483 2.198807
8.655724 -7.824131 0.000000 0.000000 0.000000 0.870323 1.074990 2.242668
9.118732 -7.250327 0.000000 0.000000 0.000000 0.913443 1.057638 2.284459
9.555838 -6.657987 0.000000 0.000000 0.000000 0.956753 1.047530 2.324272
9.966443 -6.047821 0.000000 0.000000 0.000000 1.000254 1.045754 2.350789
10.349949 -5.420540 0.000000 0.000000 0.000000 1.043947 1.053354 2.365603
10.705755 -4.776855 0.000000 0.000000 0.000000 1.087827 1.071222 2.378587
11.033264 -4.117475 0.000000 0.000000 0.000000 1.131889 1.098237 2.389711
11.331876 -3.443113 0.000000 0.000000 0.000000 1.176122 1.131273 2.398935
11.600993 -2.754478 0.000000 0.000000 0.000000 1.220514 1.167205 2.406207
11.840014 -2.052280 0.000000 0.000000 0.000000 1.265047 1.203048 2.411468
12.048342 -1.337232 0.000000 0.000000 0.000000 1.309698 1.235997 2.414646
12.225376 -0.610042 0.000000 0.000000 0.000000 1.354442 1.263456 2.415660
12.370519 0.128577 0.000000 0.000000 0.000000 1.399245 1.283097 2.414418
12.483171 0.877916 0.000000 0.000000 0.000000 1.444074 1.292941 2.391870
12.562733 1.637264 0.000000 0.000000 0.000000 1.488889 1.278291 2.362329
12.608606 2.405910 0.000000 0.000000 0.000000 1.533645 1.234767 2.329785
12.620191 3.183144 0.000000 0.000000 0.000000 1.578296 1.171007 2.294091
12.596888 3.968255 0.000000 0.000000 0.000000 1.622791 1.095749 2.255096
12.538100 4.760532 0.000000 0.000000 0.000000 1.667079 1.021746 2.212651
12.443227 5.559265 0.000000 0.000000 0.000000 1.711104 0.961837 2.166576
12.311670 6.363743 0.000000 0.000000 0.000000 1.754812 0.927708 2.115905
12.142829 7.173256 0.000000 0.000000 0.000000 1.798910 0.928089 2.058431
11.935703 7.983216 0.000000 0.000000 0.000000 1.849102 0.966145 1.992717
11.687116 8.768218 0.000000 0.000000 0.000000 1.915162 1.033237 1.905581
11.393170 9.495899 0.000000 0.000000 0.000000 2.007327 1.121454 1.792095
11.049964 10.133889 0.000000 0.000000 0.000000 2.140761 1.228837 1.700847
10.653599 10.649821 0.000000 0.000000 0.000000 2.340189 1.273016 1.651697
10.200174 11.011325 0.000000 0.000000 0.000000 2.635646 1.285925 1.669318
9.685791 11.186034 0.000000 0.000000 0.000000 3.012262 1.264009 1.777867
9.112160 11.152828 0.000000 0.000000 0.000000 -2.929181 1.125191 1.954226
8.500894 10.930493 0.000000 0.000000 0.000000 -2.685036 1.034003 2.204785
7.878015 10.546656 0.000000 0.000000 0.000000 -2.509606 0.939540 2.418244
7.269546 10.028946 0.000000 0.000000 0.000000 -2.371222 0.952564 2.560317
6.701510 9.404991 0.000000 0.000000 0.000000 -2.249383 1.026991 2.352179
6.199931 8.702419 0.000000 0.000000 0.000000 -2.129690 1.131274 2.032460
5.790830 7.948858 0.000000 0.000000 0.000000 -1.999601 1.249456 1.742807
5.500232 7.171936 0.000000 0.000000 0.000000 -1.848559 1.372637 1.536593
5.348014 6.395843 0.000000 0.000000 0.000000 -1.686168 1.474525 1.457057
5.321118 5.626338 0.000000 0.000000 0.000000 -1.539830 1.543791 1.487962
5.395494 4.863030 0.000000 0.000000 0.000000 -1.423291 1.577726 1.591882
5.547087 4.105523 0.000000 0.000000 0.000000 -1.338988 1.572969 1.707077
5.751840 3.353423 0.000000 0.000000 0.000000 -1.286175 1.526128 1.790776
5.985697 2.606334 0.000000 0.000000 0.000000 -1.263470 1.443866 1.839315
6.224601 1.863861 0.000000 0.000000 0.000000 -1.270330 1.342653 1.862812
6.444495 1.125609 0.000000 0.000000 0.000000 -1.307654 1.240101 1.881569
6.621325 0.391182 0.000000 0.000000 0.000000 -1.377701 1.154315 1.912316
6.731032 -0.339815 0.000000 0.000000 0.000000 -1.483125 1.103732 1.868296
6.749562 -1.067776 0.000000 0.000000 0.000000 -1.623817 1.107029 1.847040
6.653925 -1.792747 0.000000 0.000000 0.000000 -1.782300 1.129639 1.864414
6.440217 -2.508499 0.000000 0.000000 0.000000 -1.932012 1.192369 1.824597
6.120994 -3.203395 0.000000 0.000000 0.000000 -2.064799 1.291111 1.812361
5.709352 -3.865622 0.000000 0.000000 0.000000 -2.184991 1.269701 1.844459
5.218384 -4.483364 0.000000 0.000000 0.000000 -2.297439 1.188829 1.904990
4.661186 -5.044808 0.000000 0.000000 0.000000 -2.406890 1.097589 1.944659
4.050852 -5.538139 0.000000 0.000000 0.000000 -2.518079 1.060195 1.945838
3.400479 -5.951542 0.000000 0.000000 0.000000 -2.635958 1.016009 1.913946
2.723159 -6.273204 0.000000 0.000000 0.000000 -2.765724 1.049153 1.831910
2.031971 -6.491596 0.000000 0.000000 0.000000 -2.888909 1.183712 1.693471
1.337675 -6.630939 0.000000 0.000000 0.000000 -2.932583 1.400903 1.499560
0.646499 -6.785465 0.000000 0.000000 0.000000 -2.840455 1.617322 1.251537
-0.035857 -7.057534 0.000000 0.000000 0.000000 -2.630370 1.720100 1.133239
-0.703782 -7.542926 0.000000 0.000000 0.000000 -2.418814 1.656450 1.220462
-1.353279 -8.219497 0.000000 0.000000 0.000000 -2.303498 1.403749 1.493008
-1.981748 -8.963212 0.000000 0.000000 0.000000 -2.283467 1.102502 1.880488
-2.586631 -9.646684 0.000000 0.000000 0.000000 -2.357358 0.871040 2.314859
-3.165334 -10.144046 0.000000 0.000000 0.000000 -2.556913 0.663248 2.658170
-3.713609 -10.392606 0.000000 0.000000 0.000000 -2.891987 0.658525 2.865641
-4.224997 -10.414177 0.000000 0.000000 0.000000 2.983490 0.832128 2.891233
-4.692885 -10.236476 0.000000 0.000000 0.000000 2.604867 1.087748 2.801404
-5.110661 -9.887218 0.000000 0.000000 0.000000 2.317026 1.501726 2.623404
-5.471712 -9.394118 0.000000 0.000000 0.000000 2.109458 1.608326 2.350553
-5.769425 -8.784891 0.000000 0.000000 0.000000 1.953101 1.492121 2.051008
-5.997186 -8.087252 0.000000 0.000000 0.000000 1.825426 1.397328 1.851531
-6.148384 -7.328917 0.000000 0.000000 0.000000 1.711327 1.335434 1.700334
-6.216405 -6.537601 0.000000 0.000000 0.000000 1.600291 1.316102 1.693092
-6.195256 -5.740200 0.000000 0.000000 0.000000 1.486948 1.348571 1.773899
-6.083601 -4.957452 0.000000 0.000000 0.000000 1.369358 1.434071 1.848660
-5.882224 -4.207292 0.000000 0.000000 0.000000 1.243835 1.530676 1.926686
-5.591921 -3.507641 0.000000 0.000000 0.000000 1.105167 1.607283 2.043532
-5.213487 -2.876418 0.000000 0.000000 0.000000 0.948222 1.557118 2.137483
-4.747716 -2.331546 0.000000 0.000000 0.000000 0.769125 1.376951 2.185499
-4.195405 -1.890943 0.000000 0.000000 0.000000 0.567629 1.194658 2.252327
-3.557347 -1.572531 0.000000 0.000000 0.000000 0.350196 1.045301 2.160119
-2.834498 -1.393872 0.000000 0.000000 0.000000 0.148091 0.979922 2.017812
-2.039632 -1.346114 0.000000 0.000000 0.000000 0.010711 1.027586 1.805630
-1.205197 -1.376420 0.000000 0.000000 0.000000 -0.048746 1.140307 1.553444
-0.365510 -1.427786 0.000000 0.000000 0.000000 -0.040448 1.293149 1.258617
0.445116 -1.443209 0.000000 0.000000 0.000000 0.039841 1.502416 1.002890
1.192367 -1.365686 0.000000 0.000000 0.000000 0.214977 1.762199 0.817303
1.841929 -1.138214 0.000000 0.000000 0.000000 0.514259 1.970184 0.741822
2.359952 -0.706043 0.000000 0.000000 0.000000 0.876330 2.073292 0.823787
2.725571 -0.077258 0.000000 0.000000 0.000000 1.176728 2.068956 1.003377
2.932309 0.670418 0.000000 0.000000 0.000000 1.409850 2.069069 1.101375
2.974438 1.455644 0.000000 0.000000 0.000000 1.627122 2.080180 1.205632
2.846229 2.197078 0.000000 0.000000 0.000000 1.878856 2.178585 1.324752
2.542199 2.814081 0.000000 0.000000 0.000000 2.199310 2.190943 1.269117
2.070403 3.264473 0.000000 0.000000 0.000000 2.536179 2.174423 1.050986
1.459167 3.563662 0.000000 0.000000 0.000000 2.804156 2.157606 0.885884
0.738479 3.731786 0.000000 0.000000 0.000000 2.994510 2.093405 0.789972
-0.061670 3.788978 0.000000 0.000000 0.000000 3.127294 2.108896 0.788170
-0.911293 3.755376 0.000000 0.000000 0.000000 -3.062650 2.091637 0.900521
-1.779913 3.653053 0.000000 0.000000 0.000000 -3.015377 1.952461 1.121794
-2.628688 3.537455 0.000000 0.000000 0.000000 -3.043298 1.629609 1.415358
-3.411724 3.492138 0.000000 0.000000 0.000000 3.097555 1.322918 1.689876
-4.082905 3.601536 0.000000 0.000000 0.000000 2.774298 1.131357 1.842566
-4.596501 3.947986 0.000000 0.000000 0.000000 2.304914 1.153680 1.873231
-4.921820 4.531226 0.000000 0.000000 0.000000 1.906082 1.379055 1.678858
-5.047803 5.243188 0.000000 0.000000 0.000000 1.600630 1.520495 1.505663
-4.964713 5.968542 0.000000 0.000000 0.000000 1.292753 1.114437 1.326320
-4.662813 6.591963 0.000000 0.000000 0.000000 0.900965 0.844520 1.286104
-4.137993 7.012408 0.000000 0.000000 0.000000 0.486518 0.798715 1.185394
-3.431268 7.243356 0.000000 0.000000 0.000000 0.218871 0.956277 1.111921
-2.605334 7.353324 0.000000 0.000000 0.000000 0.097928 1.229781 1.042540
-1.723026 7.411177 0.000000 0.000000 0.000000 0.075198 1.529088 0.951778
-0.847180 7.485783 0.000000 0.000000 0.000000 0.138686 1.755456 0.839695
-0.040633 7.646009 0.000000 0.000000 0.000000 0.304066 1.915570 0.731895
0.637799 7.951765 0.000000 0.000000 0.000000 0.554015 2.027676 0.714851
1.162012 8.390018 0.000000 0.000000 0.000000 0.826782 2.102198 0.810923
1.521848 8.912191 0.000000 0.000000 0.000000 1.103070 2.171877 0.989643
1.707253 9.469470 0.000000 0.000000 0.000000 1.403129 2.235508 1.220313
1.708174 10.013041 0.000000 0.000000 0.000000 1.755828 2.258572 1.480479
1.515266 10.495194 0.000000 0.000000 0.000000 2.144873 2.163827 1.616066
1.137062 10.896112 0.000000 0.000000 0.000000 2.467753 1.971720 1.596973
0.600911 11.225327 0.000000 0.000000 0.000000 2.680173 1.764193 1.621836
-0.064942 11.493771 0.000000 0.000000 0.000000 2.813999 1.548536 1.697966
-0.832253 11.712372 0.000000 0.000000 0.000000 2.898762 1.378503 1.799952
-1.672778 11.892061 0.000000 0.000000 0.000000 2.951900 1.229246 1.906122
-2.558272 12.043769 0.000000 0.000000 0.000000 2.982758 1.096583 1.999114
-3.460492 12.178425 0.000000 0.000000 0.000000 2.995868 0.989238 2.063475
-4.351234 12.306912 0.000000 0.000000 0.000000 2.997572 0.921310 2.084307
-5.209355 12.432053 0.000000 0.000000 0.000000 3.003817 0.898333 2.054987
-6.028745 12.539507 0.000000 0.000000 0.000000 3.028856 0.911670 1.983207
-6.805220 12.612732 0.000000 0.000000 0.000000 3.078137 0.967795 1.834782
-7.534596 12.635190 0.000000 0.000000 0.000000 -3.125683 1.077080 1.681392
-8.212688 12.590338 0.000000 0.000000 0.000000 -3.008947 1.239959 1.537860
-8.835313 12.461637 0.000000 0.000000 0.000000 -2.848899 1.446110 1.413785
-9.397255 12.233370 0.000000 0.000000 0.000000 -2.654317 1.630463 1.268579
-9.851656 11.923083 0.000000 0.000000 0.000000 -2.404757 1.785705 1.170598
-10.111842 11.585022 0.000000 0.000000 0.000000 -2.037314 1.848975 1.162104
-10.205668 11.220109 0.000000 0.000000 0.000000 -1.703863 1.784576 1.264785
