# x y z roll pitch yaw d_left d_right
-8.105125 9.588353 0.000000 0.000000 0.000000 -2.117741 1.301171 0.799206
-8.212412 9.386272 0.000000 0.000000 0.000000 -2.004448 1.278784 0.831866
-8.300813 9.165745 0.000000 0.000000 0.000000 -1.905058 1.246173 0.868134
-8.371548 8.928055 0.000000 0.000000 0.000000 -1.820005 1.201684 0.893900
-8.425838 8.674485 0.000000 0.000000 0.000000 -1.747856 1.157782 0.916829
-8.464904 8.406318 0.000000 0.000000 0.000000 -1.686942 1.115518 0.937446
-8.489966 8.124837 0.000000 0.000000 0.000000 -1.635648 1.075999 0.955479
-8.502246 7.831326 0.000000 0.000000 0.000000 -1.592534 1.040355 0.970820
-8.502962 7.527068 0.000000 0.000000 0.000000 -1.556382 1.009680 0.983470
-8.493337 7.213346 0.000000 0.000000 0.000000 -1.526191 0.984960 0.985483
-8.474591 6.891443 0.000000 0.000000 0.000000 -1.501150 0.966991 0.984748
-8.447945 6.562643 0.000000 0.000000 0.000000 -1.480615 0.956291 0.982792
-8.414619 6.228228 0.000000 0.000000 0.000000 -1.464080 0.953039 0.979976
-8.375834 5.889482 0.000000 0.000000 0.000000 -1.451159 0.957043 0.976676
-8.332810 5.547687 0.000000 0.000000 0.000000 -1.441566 0.967759 0.973287
-8.286768 5.204128 0.000000 0.000000 0.000000 -1.435102 0.974981 0.970223
-8.238930 4.860088 0.000000 0.000000 0.000000 -1.431651 0.981976 0.967919
-8.190515 4.516849 0.000000 0.000000 0.000000 -1.431169 0.993152 0.966837
-8.142744 4.175695 0.000000 0.000000 0.000000 -1.433687 1.007748 0.967483
-8.096838 3.837908 0.000000 0.000000 0.000000 -1.439314 1.024922 0.970408
-8.054018 3.504773 0.000000 0.000000 0.000000 -1.448242 1.043825 0.976228
-8.015504 3.177573 0.000000 0.000000 0.000000 -1.460699 1.059553 0.971828
-7.982466 2.857506 0.000000 0.000000 0.000000 -1.476096 1.068769 0.966721
-7.955384 2.544629 0.000000 0.000000 0.000000 -1.493073 1.078286 0.964510
-7.934231 2.238160 0.000000 0.000000 0.000000 -1.510912 1.086735 0.967265
-7.918971 1.937300 0.000000 0.000000 0.000000 -1.529498 1.092893 0.976813
-7.909566 1.641247 0.000000 0.000000 0.000000 -1.548707 1.095720 0.992963
-7.905978 1.349204 0.000000 0.000000 0.000000 -1.568395 1.095160 0.989836
-7.908171 1.060369 0.000000 0.000000 0.000000 -1.588402 1.081987 0.994464
-7.916107 0.773942 0.000000 0.000000 0.000000 -1.608552 1.066771 1.006049
-7.929749 0.489125 0.000000 0.000000 0.000000 -1.628662 1.050327 1.023586
-7.949059 0.205116 0.000000 0.000000 0.000000 -1.648546 1.033115 1.034798
-7.974001 -0.078884 0.000000 0.000000 0.000000 -1.668024 1.015625 1.038054
-8.004536 -0.363674 0.000000 0.000000 0.000000 -1.686923 0.998387 1.045924
-8.040628 -0.650055 0.000000 0.000000 0.000000 -1.705084 0.981998 1.057236
-8.082240 -0.938827 0.000000 0.000000 0.000000 -1.722372 0.961384 1.070730
-8.129334 -1.230789 0.000000 0.000000 0.000000 -1.738669 0.938649 1.085111
-8.181872 -1.526742 0.000000 0.000000 0.000000 -1.753884 0.917990 1.087296
-8.239818 -1.827484 0.000000 0.000000 0.000000 -1.767950 0.900342 1.089373
-8.303135 -2.133817 0.000000 0.000000 0.000000 -1.780825 0.886918 1.091582
-8.371784 -2.446540 0.000000 0.000000 0.000000 -1.792206 0.879252 1.092939
-8.445455 -2.766070 0.000000 0.000000 0.000000 -1.801036 0.870893 1.092746
-8.522994 -3.091644 0.000000 0.000000 0.000000 -1.806546 0.859582 1.090957
-8.603086 -3.422277 0.000000 0.000000 0.000000 -1.808816 0.856202 1.087740
-8.684416 -3.756978 0.000000 0.000000 0.000000 -1.808009 0.861658 1.083314
-8.765669 -4.094762 0.000000 0.000000 0.000000 -1.804212 0.871126 1.077887
-8.845529 -4.434640 0.000000 0.000000 0.000000 -1.797443 0.873837 1.071616
-8.922682 -4.775624 0.000000 0.000000 0.000000 -1.787659 0.885721 1.059354
-8.995811 -5.116726 0.000000 0.000000 0.000000 -1.774751 0.905941 1.040548
-9.063603 -5.456960 0.000000 0.000000 0.000000 -1.758550 0.933030 1.020658
-9.124741 -5.795336 0.000000 0.000000 0.000000 -1.738817 0.956047 0.999965
-9.177911 -6.130867 0.000000 0.000000 0.000000 -1.715244 0.979809 0.978743
-9.221797 -6.462566 0.000000 0.000000 0.000000 -1.687446 1.007633 0.957315
-9.255084 -6.789444 0.000000 0.000000 0.000000 -1.654956 1.038075 0.936080
-9.276457 -7.110514 0.000000 0.000000 0.000000 -1.617221 1.069904 0.915521
-9.284601 -7.424788 0.000000 0.000000 0.000000 -1.573604 1.102087 0.896208
-9.278200 -7.731279 0.000000 0.000000 0.000000 -1.523396 1.133769 0.878807
-9.255939 -8.028998 0.000000 0.000000 0.000000 -1.465842 1.164240 0.864069
-9.216504 -8.316957 0.000000 0.000000 0.000000 -1.400203 1.192916 0.852830
-9.158578 -8.594170 0.000000 0.000000 0.000000 -1.325846 1.219311 0.845985
-9.080847 -8.859648 0.000000 0.000000 0.000000 -1.242395 1.229828 0.844458
-8.981996 -9.112403 0.000000 0.000000 0.000000 -1.150056 1.235069 0.849157
-8.860775 -9.351473 0.000000 0.000000 0.000000 -1.052289 1.235239 0.858127
-8.717243 -9.576407 0.000000 0.000000 0.000000 -0.955326 1.231596 0.869231
-8.552660 -9.787223 0.000000 0.000000 0.000000 -0.862749 1.213757 0.883690
-8.368326 -9.983954 0.000000 0.000000 0.000000 -0.775353 1.188162 0.901058
-8.165546 -10.166636 0.000000 0.000000 0.000000 -0.693473 1.161741 0.920935
-7.945623 -10.335302 0.000000 0.000000 0.000000 -0.617132 1.134952 0.942842
-7.709859 -10.489987 0.000000 0.000000 0.000000 -0.546122 1.107643 0.966241
-7.459556 -10.630725 0.000000 0.000000 0.000000 -0.480082 1.069163 0.990549
-7.196019 -10.757551 0.000000 0.000000 0.000000 -0.418558 1.032945 1.015156
-6.920549 -10.870499 0.000000 0.000000 0.000000 -0.361055 0.999602 1.039435
-6.634449 -10.969604 0.000000 0.000000 0.000000 -0.307068 0.969768 1.062754
-6.339023 -11.054899 0.000000 0.000000 0.000000 -0.256103 0.944087 1.084482
-6.035574 -11.126421 0.000000 0.000000 0.000000 -0.207682 0.923197 1.100711
-5.725403 -11.184202 0.000000 0.000000 0.000000 -0.161358 0.907673 1.107477
-5.409814 -11.228278 0.000000 0.000000 0.000000 -0.116705 0.897577 1.110580
-5.090110 -11.258682 0.000000 0.000000 0.000000 -0.073320 0.892587 1.110268
-4.767593 -11.275450 0.000000 0.000000 0.000000 -0.030820 0.892293 1.106850
-4.443567 -11.278615 0.000000 0.000000 0.000000 0.011164 0.896218 1.100673
-4.119335 -11.268212 0.000000 0.000000 0.000000 0.052994 0.903828 1.092120
-3.796198 -11.244276 0.000000 0.000000 0.000000 0.095029 0.914554 1.081614
-3.475460 -11.206841 0.000000 0.000000 0.000000 0.137630 0.927810 1.069613
-3.158425 -11.155941 0.000000 0.000000 0.000000 0.181168 0.943002 1.056620
-2.846394 -11.091610 0.000000 0.000000 0.000000 0.226026 0.959548 1.043181
-2.540670 -11.013884 0.000000 0.000000 0.000000 0.272582 0.973772 1.029892
-2.242531 -10.922807 0.000000 0.000000 0.000000 0.320765 0.984238 1.017387
-1.952832 -10.818582 0.000000 0.000000 0.000000 0.370008 0.993846 1.006082
-1.672084 -10.701546 0.000000 0.000000 0.000000 0.420025 1.002787 0.996150
-1.400787 -10.572038 0.000000 0.000000 0.000000 0.470874 1.011324 0.987683
-1.139443 -10.430396 0.000000 0.000000 0.000000 0.522626 1.019770 0.980683
-0.888551 -10.276962 0.000000 0.000000 0.000000 0.575349 1.028481 0.975062
-0.648613 -10.112073 0.000000 0.000000 0.000000 0.629105 1.037858 0.970632
-0.420129 -9.936070 0.000000 0.000000 0.000000 0.683950 1.048343 0.967116
-0.203600 -9.749292 0.000000 0.000000 0.000000 0.739927 1.055239 0.961099
0.000475 -9.552078 0.000000 0.000000 0.000000 0.797068 1.056256 0.952649
0.191593 -9.344767 0.000000 0.000000 0.000000 0.855382 1.059807 0.942367
0.369254 -9.127699 0.000000 0.000000 0.000000 0.914859 1.066567 0.929601
0.532958 -8.901213 0.000000 0.000000 0.000000 0.975462 1.077251 0.913682
0.682204 -8.665650 0.000000 0.000000 0.000000 1.037125 1.092615 0.893937
0.816492 -8.421347 0.000000 0.000000 0.000000 1.099751 1.101423 0.870260
0.935320 -8.168644 0.000000 0.000000 0.000000 1.163209 1.110712 0.844245
1.038188 -7.907882 0.000000 0.000000 0.000000 1.227337 1.122911 0.817876
1.124596 -7.639398 0.000000 0.000000 0.000000 1.291943 1.135858 0.793218
1.194042 -7.363534 0.000000 0.000000 0.000000 1.356806 1.147374 0.772396
1.246027 -7.080627 0.000000 0.000000 0.000000 1.421685 1.155275 0.757584
1.280049 -6.791018 0.000000 0.000000 0.000000 1.486328 1.157387 0.750981
1.295608 -6.495045 0.000000 0.000000 0.000000 1.550473 1.151560 0.754784
1.292203 -6.193048 0.000000 0.000000 0.000000 1.613721 1.135688 0.771160
1.269422 -5.885386 0.000000 0.000000 0.000000 1.672078 1.107827 0.802132
1.229179 -5.572910 0.000000 0.000000 0.000000 1.718560 1.068509 0.847294
1.175889 -5.257005 0.000000 0.000000 0.000000 1.750417 1.020926 0.903670
1.114090 -4.939081 0.000000 0.000000 0.000000 1.768609 0.968564 0.968186
1.048321 -4.620547 0.000000 0.000000 0.000000 1.773800 0.915432 1.037817
0.983121 -4.302815 0.000000 0.000000 0.000000 1.766127 0.865675 1.109590
0.923029 -3.987293 0.000000 0.000000 0.000000 1.745185 0.821805 1.180582
0.872583 -3.675392 0.000000 0.000000 0.000000 1.710017 0.770653 1.247921
0.836323 -3.368523 0.000000 0.000000 0.000000 1.659151 0.732184 1.308793
0.818786 -3.068095 0.000000 0.000000 0.000000 1.590712 0.709784 1.357996
0.824511 -2.775518 0.000000 0.000000 0.000000 1.502943 0.706337 1.378599
0.857924 -2.492161 0.000000 0.000000 0.000000 1.401087 0.717080 1.382545
0.920024 -2.218130 0.000000 0.000000 0.000000 1.300041 0.739819 1.370825
1.007839 -1.952067 0.000000 0.000000 0.000000 1.210262 0.780277 1.345536
1.118181 -1.692533 0.000000 0.000000 0.000000 1.133912 0.833813 1.290617
1.247856 -1.438090 0.000000 0.000000 0.000000 1.071581 0.892311 1.233234
1.393676 -1.187301 0.000000 0.000000 0.000000 1.023087 0.939236 1.176195
1.552448 -0.938725 0.000000 0.000000 0.000000 0.987846 0.987939 1.114406
1.720982 -0.690925 0.000000 0.000000 0.000000 0.965152 1.036396 1.041047
1.896087 -0.442463 0.000000 0.000000 0.000000 0.954348 1.071235 0.973946
2.074573 -0.191899 0.000000 0.000000 0.000000 0.954912 1.100507 0.914662
2.253248 0.062205 0.000000 0.000000 0.000000 0.966483 1.125377 0.864740
2.428921 0.321287 0.000000 0.000000 0.000000 0.988776 1.143885 0.825692
2.598437 0.586761 0.000000 0.000000 0.000000 1.019216 1.154152 0.798939
2.759867 0.859163 0.000000 0.000000 0.000000 1.052440 1.155835 0.784401
2.912816 1.137934 0.000000 0.000000 0.000000 1.085410 1.150468 0.780208
3.056985 1.422446 0.000000 0.000000 0.000000 1.118085 1.139695 0.783574
3.192078 1.712071 0.000000 0.000000 0.000000 1.150613 1.124978 0.789768
3.317794 2.006180 0.000000 0.000000 0.000000 1.183136 1.107763 0.802000
3.433835 2.304146 0.000000 0.000000 0.000000 1.215798 1.090538 0.818482
3.539904 2.605340 0.000000 0.000000 0.000000 1.248744 1.073514 0.838020
3.635701 2.909135 0.000000 0.000000 0.000000 1.282116 1.056604 0.860176
3.720929 3.214901 0.000000 0.000000 0.000000 1.316064 1.040476 0.884479
3.795288 3.522012 0.000000 0.000000 0.000000 1.350735 1.025485 0.910367
3.858480 3.829838 0.000000 0.000000 0.000000 1.386283 1.012009 0.937197
3.910208 4.137752 0.000000 0.000000 0.000000 1.422864 1.000440 0.964257
3.950171 4.445126 0.000000 0.000000 0.000000 1.460639 0.991184 0.990780
3.978073 4.751331 0.000000 0.000000 0.000000 1.499770 0.984651 1.015385
3.993614 5.055739 0.000000 0.000000 0.000000 1.540424 0.981254 1.030230
3.996496 5.357723 0.000000 0.000000 0.000000 1.582766 0.981394 1.040395
3.986421 5.656653 0.000000 0.000000 0.000000 1.626960 0.985458 1.045033
3.963090 5.951903 0.000000 0.000000 0.000000 1.673163 0.993795 1.043503
3.926204 6.242843 0.000000 0.000000 0.000000 1.721520 1.006236 1.036334
3.875466 6.528846 0.000000 0.000000 0.000000 1.772160 1.021959 1.024505
3.810576 6.809283 0.000000 0.000000 0.000000 1.825184 1.040052 1.003885
3.731237 7.083527 0.000000 0.000000 0.000000 1.880655 1.059569 0.976194
3.637150 7.350949 0.000000 0.000000 0.000000 1.938593 1.079544 0.948392
3.528016 7.610921 0.000000 0.000000 0.000000 1.998954 1.099006 0.921685
3.403538 7.862816 0.000000 0.000000 0.000000 2.061629 1.116991 0.897282
3.263416 8.106004 0.000000 0.000000 0.000000 2.126428 1.130034 0.876373
3.107352 8.339858 0.000000 0.000000 0.000000 2.193079 1.134796 0.860101
2.935048 8.563749 0.000000 0.000000 0.000000 2.261227 1.135415 0.849519
2.746205 8.777050 0.000000 0.000000 0.000000 2.329979 1.131095 0.845558
2.540756 8.979274 0.000000 0.000000 0.000000 2.396791 1.121349 0.848737
2.319484 9.170457 0.000000 0.000000 0.000000 2.459478 1.106688 0.858490
2.083364 9.350753 0.000000 0.000000 0.000000 2.517770 1.087863 0.873966
1.833369 9.520313 0.000000 0.000000 0.000000 2.571877 1.065636 0.894289
1.570475 9.679293 0.000000 0.000000 0.000000 2.622072 1.040779 0.918580
1.295656 9.827845 0.000000 0.000000 0.000000 2.668660 1.014071 0.945984
1.009888 9.966122 0.000000 0.000000 0.000000 2.711959 0.986292 0.975680
0.714146 10.094280 0.000000 0.000000 0.000000 2.752283 0.958218 1.006887
0.409404 10.212470 0.000000 0.000000 0.000000 2.789939 0.930607 1.038864
0.096637 10.320846 0.000000 0.000000 0.000000 2.825213 0.904188 1.070907
-0.223180 10.419563 0.000000 0.000000 0.000000 2.858378 0.879642 1.102344
-0.549072 10.508772 0.000000 0.000000 0.000000 2.889684 0.857585 1.132532
-0.880064 10.588629 0.000000 0.000000 0.000000 2.919366 0.838539 1.160851
-1.215182 10.659285 0.000000 0.000000 0.000000 2.947641 0.822785 1.186110
-1.553450 10.720896 0.000000 0.000000 0.000000 2.974710 0.810403 1.198314
-1.893894 10.773614 0.000000 0.000000 0.000000 3.000766 0.801470 1.207109
-2.235538 10.817592 0.000000 0.000000 0.000000 3.025988 0.796072 1.212247
-2.577409 10.852985 0.000000 0.000000 0.000000 3.050551 0.794294 1.213486
-2.918530 10.879945 0.000000 0.000000 0.000000 3.074623 0.796223 1.210598
-3.257928 10.898627 0.000000 0.000000 0.000000 3.098374 0.801946 1.203371
-3.594627 10.909183 0.000000 0.000000 0.000000 3.121974 0.811549 1.191618
-3.927652 10.911768 0.000000 0.000000 0.000000 -3.137587 0.825119 1.175192
-4.256029 10.906534 0.000000 0.000000 0.000000 -3.113752 0.842745 1.153999
-4.578783 10.893635 0.000000 0.000000 0.000000 -3.089506 0.864518 1.126569
-4.894938 10.873225 0.000000 0.000000 0.000000 -3.064628 0.890540 1.093571
-5.203521 10.845457 0.000000 0.000000 0.000000 -3.038869 0.920918 1.058609
-5.503555 10.810485 0.000000 0.000000 0.000000 -3.011943 0.955773 1.022487
-5.794067 10.768461 0.000000 0.000000 0.000000 -2.983070 0.995240 0.981077
-6.074102 10.719275 0.000000 0.000000 0.000000 -2.949855 1.039223 0.936979
-6.342771 10.661946 0.000000 0.000000 0.000000 -2.909765 1.086859 0.893236
-6.599201 10.595314 0.000000 0.000000 0.000000 -2.861556 1.137169 0.852390
-6.842518 10.518222 0.000000 0.000000 0.000000 -2.804206 1.180843 0.816954
-7.071847 10.429510 0.000000 0.000000 0.000000 -2.736696 1.218515 0.789200
-7.286314 10.328020 0.000000 0.000000 0.000000 -2.658171 1.255558 0.770873
-7.485045 10.212594 0.000000 0.000000 0.000000 -2.568189 1.291247 0.762886
-7.667166 10.082073 0.000000 0.000000 0.000000 -2.467045 1.305402 0.760493
-7.831802 9.935298 0.000000 0.000000 0.000000 -2.356118 1.316308 0.761284
-7.978080 9.771111 0.000000 0.000000 0.000000 -2.238053 1.319267 0.774735
